timestamp,participant_id,part,mini_block,trial_in_block,trial_uid,trial_type,polygon_id,polygon_case,polygon_json_path,image_id,image_path,category,bias_level,aperture_scale_factor,cue_pos_id,cue_x_px,cue_y_px,cue_x_deg,cue_y_deg,stimulus_duration_s,iti_s,max_drift_time_s,drift_retry_limit,aoi_radius_deg,aoi_radius_px,validation_rms_before_trial,validation_max_err_before_trial,center_screen_x_px,center_screen_y_px,center_screen_x_deg,center_screen_y_deg,center_mass_x_px,center_mass_y_px,center_mass_x_deg,center_mass_y_deg,dist_center_mass_to_screen_deg,angle_center_mass_to_screen_deg,center_hull_x_px,center_hull_y_px,center_hull_x_deg,center_hull_y_deg,dist_center_hull_to_screen_deg,angle_center_hull_to_screen_deg,center_bbc_x_px,center_bbc_y_px,center_bbc_x_deg,center_bbc_y_deg,dist_center_bbc_to_screen_deg,angle_center_bbc_to_screen_deg,center_icc_x_px,center_icc_y_px,center_icc_x_deg,center_icc_y_deg,dist_center_icc_to_screen_deg,angle_center_icc_to_screen_deg,fixation_achieved,fixation_attempts,fixation_total_time_s,ts_trial_start,ts_recording_start,ts_cue_onset,ts_fixation_end,ts_stim_onset,ts_stim_offset,ts_iti_onset,ts_iti_offset,ts_recording_stop,ts_trial_end,trial_start_time,trial_end_time,trial_duration_s,aborted,user_abort
2026-01-20T14:23:18.155804,P20,A,1,1,A_MB01_T001,image,pair_C2_03,pair_C2_chc_vs_bbc_icc,data/raw/stimuli/polygons/pair_com_chc_vs_bbc_icc_03.json,A_Random_169,data/raw/stimuli/CAT2000/Random/169.jpg,Random,nan,1987,grid_11,960,540,12.049751363346202,6.846807837997614,4.0,0.5,10.0,1,2.0,157.04706105708198,,,1920.0,1080.0,0.0,0.0,,,,,,,,,,,,,,,,,,,,,,,,,True,1,0.20025270013138652,241.13278099987656,241.6415361999534,241.6641232999973,247.8405595999211,243.26322590000927,247.28060809988528,247.28060809988528,247.78248419985175,247.84056239994243,247.7825173996389,241.13278099987656,247.7825173996389,6.649736399762332,False,
2026-01-20T14:23:27.257393,P20,A,1,2,A_MB01_T002,image,pair_C2_01,pair_C2_chc_vs_bbc_icc,data/raw/stimuli/polygons/pair_com_chc_vs_bbc_icc_01.json,A_Satelite_097,data/raw/stimuli/CAT2000/Satelite/097.jpg,Satelite,nan,1987,grid_12,1920,540,23.119020643887126,6.846807837997614,4.0,0.5,10.0,1,2.0,157.04706105708198,,,1920.0,1080.0,0.0,0.0,,,,,,,,,,,,,,,,,,,,,,,,,True,1,2.47276180004701,247.8414063998498,250.61753719998524,250.630439999979,256.94155839970335,252.3624151996337,256.3803028999828,256.3803028999828,256.8821757999249,256.9415611997247,256.8822082998231,247.8414063998498,256.8822082998231,9.040801899973303,False,
2026-01-20T14:23:33.507176,P20,A,1,3,A_MB01_T003,image,baseline_rect_01,baseline_rectangle,data/raw/stimuli/polygons/baseline_rectangle.json,A_Sketch_155,data/raw/stimuli/CAT2000/Sketch/155.jpg,Sketch,nan,1987,grid_13,2880,540,32.63520862273857,6.846807837997614,4.0,0.5,10.0,1,2.0,157.04706105708198,,,1920.0,1080.0,0.0,0.0,,,,,,,,,,,,,,,,,,,,,,,,,True,1,0.20024559972807765,256.94230199977756,257.46353539964184,257.4802655996755,263.1915580998175,258.6125080999918,262.63008319959044,262.63008319959044,263.1319538997486,263.191560999956,263.13198859989643,256.94230199977756,263.13198859989643,6.1896866001188755,False,
2026-01-20T14:23:41.641206,P20,A,1,4,A_MB01_T004,image,iso_icc_01,iso_icc,data/raw/stimuli/polygons/iso_icc_01.json,A_Object_075,data/raw/stimuli/CAT2000/Object/075.jpg,Object,nan,1987,grid_21,960,1080,12.049751363346202,13.503472356031734,4.0,0.5,10.0,1,2.0,157.04706105708198,,,1920.0,1080.0,0.0,0.0,,,,,,,,,,,,,,,,,,,,,,,,,True,1,1.805602100212127,263.192307499703,265.29953659977764,265.3133267997764,271.32555940002203,266.74561589956284,270.76315959962085,270.76315959962085,271.265012699645,271.3255621995777,271.2650490999222,263.192307499703,271.2650490999222,8.07274160021916,False,
2026-01-20T14:23:47.923061,P20,A,1,5,A_MB01_T005,image,allfar_convex_01,allfar_convex,data/raw/stimuli/polygons/allfar_convex.json,A_Random_155,data/raw/stimuli/CAT2000/Random/155.jpg,Random,nan,1987,grid_22,1920,1080,23.119020643887126,13.503472356031734,4.0,0.5,10.0,1,2.0,157.04706105708198,,,1920.0,1080.0,0.0,0.0,,,,,,,,,,,,,,,,,,,,,,,,,True,1,0.20024790009483695,271.3263303996064,271.82953719981015,271.84647529991344,277.6075579999015,273.0292177000083,277.0462670996785,277.0462670996785,277.54774730000645,277.6075606998056,277.547775299754,271.3263303996064,277.547775299754,6.221444900147617,False,
2026-01-20T14:23:54.690379,P20,A,1,6,A_MB01_T006,image,allfar_intermediate_01,allfar_intermediate,data/raw/stimuli/polygons/allfar_intermediate.json,A_Satelite_015,data/raw/stimuli/CAT2000/Satelite/015.jpg,Satelite,nan,1987,grid_23,2880,1080,32.63520862273857,13.503472356031734,4.0,0.5,10.0,1,2.0,157.04706105708198,,,1920.0,1080.0,0.0,0.0,,,,,,,,,,,,,,,,,,,,,,,,,True,1,0.20025729993358254,277.6082497998141,278.11353559978306,278.1295663998462,284.37455850001425,279.795026099775,283.81271319976076,283.81271319976076,284.3146237996407,284.3745613996871,284.31465710001066,277.6082497998141,284.31465710001066,6.706407300196588,False,
2026-01-20T14:24:01.272684,P20,A,1,7,A_MB01_T007,image,pair_C1_03,pair_C1_bbc_vs_chc_icc,data/raw/stimuli/polygons/pair_com_bbc_vs_chc_icc_03.json,A_Fractal_073,data/raw/stimuli/CAT2000/Fractal/073.jpg,Fractal,nan,1987,grid_31,960,1620,12.049751363346202,19.80974465169186,4.0,0.5,10.0,1,2.0,157.04706105708198,,,1920.0,1080.0,0.0,0.0,,,,,,,,,,,,,,,,,,,,,,,,,True,1,0.2002301998436451,284.3753159996122,284.8795361998491,284.8960493998602,290.9575586998835,286.3779786997475,290.3958506998606,290.3958506998606,290.89775369968265,290.95756139978766,290.89778549969196,284.3753159996122,290.89778549969196,6.522469500079751,False,
2026-01-20T14:24:10.073888,P20,A,1,8,A_MB01_T008,image,iso_icc_01,iso_icc,data/raw/stimuli/polygons/iso_icc_01.json,A_Random_121,data/raw/stimuli/CAT2000/Random/121.jpg,Random,nan,1987,grid_32,1920,1620,23.119020643887126,19.80974465169186,4.0,0.5,10.0,1,2.0,157.04706105708198,,,1920.0,1080.0,0.0,0.0,,,,,,,,,,,,,,,,,,,,,,,,,True,1,2.1053450000472367,290.95833699963987,293.3655361998826,293.37906639976427,299.75856039999053,295.1777301998809,299.19553459994495,299.19553459994495,299.697396799922,299.75856329966336,299.69742899993435,290.95833699963987,299.69742899993435,8.739092000294477,False,
2026-01-20T14:24:17.156359,P20,A,1,9,A_MB01_T009,image,baseline_asym_01,baseline_asymmetric,data/raw/stimuli/polygons/baseline_asymmetric_consolidated.json,A_Random_189,data/raw/stimuli/CAT2000/Random/189.jpg,Random,nan,1987,grid_33,2880,1620,32.63520862273857,19.80974465169186,4.0,0.5,10.0,1,2.0,157.04706105708198,,,1920.0,1080.0,0.0,0.0,,,,,,,,,,,,,,,,,,,,,,,,,True,1,0.2002262999303639,299.7593051996082,300.2615353995934,300.27889259997755,306.8405612995848,302.2608147999272,306.27869919966906,306.27869919966906,306.7803694996983,306.8405641997233,306.7804028997198,299.7593051996082,306.7804028997198,7.021097700111568,False,
2026-01-20T14:24:25.755397,P20,A,1,10,A_MB01_T010,empty,pair_C1_02,pair_C1_bbc_vs_chc_icc,data/raw/stimuli/polygons/pair_com_bbc_vs_chc_icc_02.json,nan,nan,nan,nan,1987,grid_11,960,540,12.049751363346202,6.846807837997614,4.0,0.5,10.0,1,2.0,157.04706105708198,,,1920.0,1080.0,0.0,0.0,,,,,,,,,,,,,,,,,,,,,,,,,True,1,3.5708423000760376,306.84131939988583,310.7245362997055,310.7452016999014,315.4395580999553,310.86202779971063,314.8784061996266,314.8784061996266,315.3803473999724,315.43956079985946,315.38037879997864,306.84131939988583,315.38037879997864,8.53905940009281,False,
2026-01-20T14:24:32.056311,P20,A,1,11,A_MB01_T011,image,iso_bbc_02,iso_bbc,data/raw/stimuli/polygons/iso_bbc_02.json,A_Fractal_053,data/raw/stimuli/CAT2000/Fractal/053.jpg,Fractal,nan,1987,grid_12,1920,540,23.119020643887126,6.846807837997614,4.0,0.5,10.0,1,2.0,157.04706105708198,,,1920.0,1080.0,0.0,0.0,,,,,,,,,,,,,,,,,,,,,,,,,True,1,0.2002289998345077,315.440260999836,315.94353739963844,315.961701199878,321.7405615998432,317.1616034996696,321.1781269996427,321.1781269996427,321.68000900000334,321.7405643998645,321.68004379980266,315.440260999836,321.68004379980266,6.239782799966633,False,
2026-01-20T14:24:40.538354,P20,A,1,12,A_MB01_T012,image,pair_C1_02,pair_C1_bbc_vs_chc_icc,data/raw/stimuli/polygons/pair_com_bbc_vs_chc_icc_02.json,A_Object_185,data/raw/stimuli/CAT2000/Object/185.jpg,Object,nan,1987,grid_13,2880,540,32.63520862273857,6.846807837997614,4.0,0.5,10.0,1,2.0,157.04706105708198,,,1920.0,1080.0,0.0,0.0,,,,,,,,,,,,,,,,,,,,,,,,,True,1,2.305684700142592,321.74131969967857,324.3585370997898,324.37802719976753,330.22255849977955,325.64376849960536,329.661228899844,329.661228899844,330.16321259969845,330.22256139991805,330.1632441999391,321.74131969967857,330.1632441999391,8.421924500260502,False,
2026-01-20T14:24:48.403624,P20,A,1,13,A_MB01_T013,image,iso_icc_03,iso_icc,data/raw/stimuli/polygons/iso_icc_03.json,A_Fractal_089,data/raw/stimuli/CAT2000/Fractal/089.jpg,Fractal,nan,1987,grid_21,960,1080,12.049751363346202,13.503472356031734,4.0,0.5,10.0,1,2.0,157.04706105708198,,,1920.0,1080.0,0.0,0.0,,,,,,,,,,,,,,,,,,,,,,,,,True,1,1.6380769000388682,330.22330359974876,332.1645363997668,332.1777746998705,338.0885586999357,333.5100301997736,337.5275894999504,337.5275894999504,338.0294452998787,338.088561499957,338.0294780996628,330.22330359974876,338.0294780996628,7.80617449991405,False,
2026-01-20T14:24:54.855277,P20,A,1,14,A_MB01_T014,image,iso_bbc_01,iso_bbc,data/raw/stimuli/polygons/iso_bbc_01.json,A_Object_169,data/raw/stimuli/CAT2000/Object/169.jpg,Object,nan,1987,grid_22,1920,1080,23.119020643887126,13.503472356031734,4.0,0.5,10.0,1,2.0,157.04706105708198,,,1920.0,1080.0,0.0,0.0,,,,,,,,,,,,,,,,,,,,,,,,,True,1,0.20026199985295534,338.0893110996112,338.59453569957986,338.6109751998447,344.5395586998202,339.9604474999942,343.9773820997216,343.9773820997216,344.4793288996443,344.5395614998415,344.47935809986666,338.0893110996112,344.47935809986666,6.390047000255436,False,
2026-01-20T14:25:02.722127,P20,A,1,15,A_MB01_T015,image,allfar_concave_01,allfar_concave,data/raw/stimuli/polygons/allfar_concave.json,A_Fractal_083,data/raw/stimuli/CAT2000/Fractal/083.jpg,Fractal,nan,1987,grid_23,2880,1080,32.63520862273857,13.503472356031734,4.0,0.5,10.0,1,2.0,157.04706105708198,,,1920.0,1080.0,0.0,0.0,,,,,,,,,,,,,,,,,,,,,,,,,True,1,1.4705912000499666,344.54030549991876,346.31453630002216,346.3273703996092,352.4065731000155,347.8258757996373,351.84378749970347,351.84378749970347,352.3457578998059,352.4065762995742,352.3457980998792,344.54030549991876,352.3457980998792,7.8054925999604166,False,
2026-01-20T14:25:14.288973,P20,A,1,16,A_MB01_T016,image,pair_C1_01,pair_C1_bbc_vs_chc_icc,data/raw/stimuli/polygons/pair_com_bbc_vs_chc_icc_01.json,A_OutdoorNatural_023,data/raw/stimuli/CAT2000/OutdoorNatural/023.jpg,OutdoorNatural,nan,1987,grid_31,960,1620,12.049751363346202,19.80974465169186,4.0,0.5,10.0,1,2.0,157.04706105708198,,,1920.0,1080.0,0.0,0.0,,,,,,,,,,,,,,,,,,,,,,,,,True,1,5.2875447999686,352.4073324999772,357.99653729982674,358.0102615999058,363.97355879982933,359.39242939976975,363.41008299961686,363.41008299961686,363.91203209990636,363.97356159985065,363.9120637997985,352.4073324999772,363.9120637997985,11.504731299821287,False,
2026-01-20T14:25:23.371111,P20,A,1,17,A_MB01_T017,empty,pair_C2_02,pair_C2_chc_vs_bbc_icc,data/raw/stimuli/polygons/pair_com_chc_vs_bbc_icc_02.json,nan,nan,nan,nan,1987,grid_32,1920,1620,23.119020643887126,19.80974465169186,4.0,0.5,10.0,1,2.0,157.04706105708198,,,1920.0,1080.0,0.0,0.0,,,,,,,,,,,,,,,,,,,,,,,,,True,1,4.072203500196338,363.97431369964033,368.3465355997905,368.35991899995133,373.0555585999973,368.4768399000168,372.49312309967354,372.49312309967354,372.9951353999786,373.05556129990146,372.9951682998799,363.97431369964033,372.9951682998799,9.020854600239545,False,
2026-01-20T14:25:30.821040,P20,A,1,18,A_MB01_T018,image,pair_C3_01,pair_C3_icc_vs_chc_bbc,data/raw/stimuli/polygons/pair_com_icc_vs_chc_bbc_01.json,A_Fractal_069,data/raw/stimuli/CAT2000/Fractal/069.jpg,Fractal,nan,1987,grid_33,2880,1620,32.63520862273857,19.80974465169186,4.0,0.5,10.0,1,2.0,157.04706105708198,,,1920.0,1080.0,0.0,0.0,,,,,,,,,,,,,,,,,,,,,,,,,True,1,1.1233497997745872,373.05627689976245,374.4785364000127,374.4930639998056,380.50555959995836,375.9252595999278,379.94289609976113,379.94289609976113,380.44447009963915,380.5055623999797,380.4445028998889,373.05627689976245,380.4445028998889,7.388226000126451,False,
2026-01-20T14:25:40.537344,P20,A,1,19,A_MB01_T019,image,iso_chc_02,iso_chc,data/raw/stimuli/polygons/iso_chc_02.json,A_Sketch_035,data/raw/stimuli/CAT2000/Sketch/035.jpg,Sketch,nan,1987,grid_11,960,540,12.049751363346202,6.846807837997614,4.0,0.5,10.0,1,2.0,157.04706105708198,,,1920.0,1080.0,0.0,0.0,,,,,,,,,,,,,,,,,,,,,,,,,True,1,3.8221538001671433,380.5063147000037,384.6315371999517,384.6427249996923,390.2215564996004,385.64275999972597,389.6592595996335,389.6592595996335,390.1610754998401,390.22155929962173,390.1611116998829,380.5063147000037,390.1611116998829,9.654796999879181,False,
2026-01-20T14:25:50.636518,P20,A,1,20,A_MB01_T020,image,baseline_rect_01,baseline_rectangle,data/raw/stimuli/polygons/baseline_rectangle.json,A_Fractal_141,data/raw/stimuli/CAT2000/Fractal/141.jpg,Fractal,nan,1987,grid_12,1920,540,23.119020643887126,6.846807837997614,4.0,0.5,10.0,1,2.0,157.04706105708198,,,1920.0,1080.0,0.0,0.0,,,,,,,,,,,,,,,,,,,,,,,,,True,1,2.1234038998372853,390.2222014996223,392.64553679991513,392.65912720002234,400.32156319962814,395.7409532996826,399.7589179999195,399.7589179999195,400.2608689996414,400.3215661998838,400.26090489979833,390.2222014996223,400.26090489979833,10.038703400176018,False,
2026-01-20T14:26:04.001348,P20,A,1,21,A_MB01_T021,image,iso_com_01,iso_com,data/raw/stimuli/polygons/iso_com_01.json,A_Fractal_111,data/raw/stimuli/CAT2000/Fractal/111.jpg,Fractal,nan,1987,grid_13,2880,540,32.63520862273857,6.846807837997614,4.0,0.5,10.0,1,2.0,157.04706105708198,,,1920.0,1080.0,0.0,0.0,,,,,,,,,,,,,,,,,,,,,,,,,True,1,7.221925800200552,400.32231919979677,407.8455363996327,407.8586017997004,413.68555699987337,409.1077964999713,413.1251603998244,413.1251603998244,413.6267542997375,413.68555959966034,413.626784699969,400.32231919979677,413.626784699969,13.304465500172228,False,
2026-01-20T14:26:10.553594,P20,A,1,22,A_MB01_T022,image,pair_C1_02,pair_C1_bbc_vs_chc_icc,data/raw/stimuli/polygons/pair_com_bbc_vs_chc_icc_02.json,A_Object_197,data/raw/stimuli/CAT2000/Object/197.jpg,Object,nan,1987,grid_21,960,1080,12.049751363346202,13.503472356031734,4.0,0.5,10.0,1,2.0,157.04706105708198,,,1920.0,1080.0,0.0,0.0,,,,,,,,,,,,,,,,,,,,,,,,,True,1,0.20024039968848228,413.68620149977505,414.1945364996791,414.2084368998185,420.23855919996276,415.6570095997304,419.6749417996034,419.6749417996034,420.176977599971,420.2385619999841,420.1770116998814,413.68620149977505,420.1770116998814,6.490810200106353,False,
2026-01-20T14:26:16.618483,P20,A,1,23,A_MB01_T023,empty,iso_bbc_03,iso_bbc,data/raw/stimuli/polygons/iso_bbc_03.json,nan,nan,nan,nan,1987,grid_22,1920,1080,23.119020643887126,13.503472356031734,4.0,0.5,10.0,1,2.0,157.04706105708198,,,1920.0,1080.0,0.0,0.0,,,,,,,,,,,,,,,,,,,,,,,,,True,1,1.0387853998690844,420.23931649979204,421.5935358996503,421.60817609960213,426.30355730000883,421.72506679967046,425.7414245000109,425.7414245000109,426.2432465995662,426.303559999913,426.2432810999453,420.23931649979204,426.2432810999453,6.003964600153267,False,
2026-01-20T14:26:30.451097,P20,A,1,24,A_MB01_T024,image,iso_bbc_03,iso_bbc,data/raw/stimuli/polygons/iso_bbc_03.json,A_OutdoorNatural_041,data/raw/stimuli/CAT2000/OutdoorNatural/041.jpg,OutdoorNatural,nan,1987,grid_23,2880,1080,32.63520862273857,13.503472356031734,4.0,0.5,10.0,1,2.0,157.04706105708198,,,1920.0,1080.0,0.0,0.0,,,,,,,,,,,,,,,,,,,,,,,,,True,1,7.605707900132984,426.3041631998494,434.2115364000201,434.22441439982504,440.13556079985574,435.55652399966493,439.5742571996525,439.5742571996525,440.07608209969476,440.13556379964575,440.0761136999354,426.3041631998494,440.0761136999354,13.77195050008595,False,
2026-01-20T14:26:38.350871,P20,A,1,25,A_MB01_T025,image,iso_bbc_02,iso_bbc,data/raw/stimuli/polygons/iso_bbc_02.json,A_OutdoorNatural_117,data/raw/stimuli/CAT2000/OutdoorNatural/117.jpg,OutdoorNatural,nan,1987,grid_31,960,1620,12.049751363346202,19.80974465169186,4.0,0.5,10.0,1,2.0,157.04706105708198,,,1920.0,1080.0,0.0,0.0,,,,,,,,,,,,,,,,,,,,,,,,,True,1,1.7871429999358952,440.136319199577,442.23153599957004,442.2408322999254,448.0355586996302,443.4560217997059,447.47401019977406,447.47401019977406,447.97578979982063,448.0355614996515,447.97581999981776,440.136319199577,447.97581999981776,7.839500800240785,False,
2026-01-20T14:26:45.850371,P20,A,1,26,A_MB01_T026,image,allfar_concave_01,allfar_concave,data/raw/stimuli/polygons/allfar_concave.json,A_Sketch_123,data/raw/stimuli/CAT2000/Sketch/123.jpg,Sketch,nan,1987,grid_32,1920,1620,23.119020643887126,19.80974465169186,4.0,0.5,10.0,1,2.0,157.04706105708198,,,1920.0,1080.0,0.0,0.0,,,,,,,,,,,,,,,,,,,,,,,,,True,1,1.5368606997653842,448.03637749981135,449.8785368995741,449.89057219959795,455.53456029994413,450.9577692998573,454.97377379983664,454.97377379983664,455.4754941998981,455.53456319961697,455.47552789980546,448.03637749981135,455.47552789980546,7.439150399994105,False,
2026-01-20T14:26:53.750023,P20,A,1,27,A_MB01_T027,image,iso_com_03,iso_com,data/raw/stimuli/polygons/iso_com_03.json,A_OutdoorNatural_175,data/raw/stimuli/CAT2000/OutdoorNatural/175.jpg,OutdoorNatural,nan,1987,grid_33,2880,1620,32.63520862273857,19.80974465169186,4.0,0.5,10.0,1,2.0,157.04706105708198,,,1920.0,1080.0,0.0,0.0,,,,,,,,,,,,,,,,,,,,,,,,,True,1,1.5729598002508283,455.53531749965623,457.4085389999673,457.4236779999919,463.43456720001996,458.855507500004,462.87351919990033,462.87351919990033,463.37517779972404,463.43457039957866,463.3752120998688,455.53531749965623,463.3752120998688,7.839894600212574,False,
2026-01-20T14:27:00.049061,P20,A,1,28,A_MB01_T028,image,iso_bbc_01,iso_bbc,data/raw/stimuli/polygons/iso_bbc_01.json,A_Fractal_161,data/raw/stimuli/CAT2000/Fractal/161.jpg,Fractal,nan,1987,grid_11,960,540,12.049751363346202,6.846807837997614,4.0,0.5,10.0,1,2.0,157.04706105708198,,,1920.0,1080.0,0.0,0.0,,,,,,,,,,,,,,,,,,,,,,,,,True,1,0.20026280032470822,463.43524059979245,463.93753699958324,463.95681789983064,469.7335892999545,465.1564964996651,469.173294399865,469.173294399865,469.6752696996555,469.73359319986776,469.6753086997196,463.43524059979245,469.6753086997196,6.240068099927157,False,
2026-01-20T14:27:08.949198,P20,A,1,29,A_MB01_T029,image,pair_C2_01,pair_C2_chc_vs_bbc_icc,data/raw/stimuli/polygons/pair_com_chc_vs_bbc_icc_01.json,A_Sketch_009,data/raw/stimuli/CAT2000/Sketch/009.jpg,Sketch,nan,1987,grid_12,1920,540,23.119020643887126,6.846807837997614,4.0,0.5,10.0,1,2.0,157.04706105708198,,,1920.0,1080.0,0.0,0.0,,,,,,,,,,,,,,,,,,,,,,,,,True,1,2.9380942001007497,469.73430289980024,472.976536099799,472.989796299953,478.6335590998642,474.0560614997521,478.07298940001056,478.07298940001056,478.57481229957193,478.6335620000027,478.5748439999297,469.73430289980024,478.5748439999297,8.840541100129485,False,
2026-01-20T14:27:15.815229,P20,A,1,30,A_MB01_T030,image,iso_icc_03,iso_icc,data/raw/stimuli/polygons/iso_icc_03.json,A_Random_071,data/raw/stimuli/CAT2000/Random/071.jpg,Random,nan,1987,grid_13,2880,540,32.63520862273857,6.846807837997614,4.0,0.5,10.0,1,2.0,157.04706105708198,,,1920.0,1080.0,0.0,0.0,,,,,,,,,,,,,,,,,,,,,,,,,True,1,0.2002492002211511,478.63430559961125,479.1405354999006,479.1562928999774,485.49955930002034,480.9216586998664,484.9395034997724,484.9395034997724,485.4410568997264,485.4995621996932,485.4410868999548,478.63430559961125,485.4410868999548,6.806781300343573,False,
2026-01-20T14:27:25.450446,P20,A,1,31,A_MB01_T031,image,iso_chc_03,iso_chc,data/raw/stimuli/polygons/iso_chc_03.json,A_Object_003,data/raw/stimuli/CAT2000/Object/003.jpg,Object,nan,1987,grid_21,960,1080,12.049751363346202,13.503472356031734,4.0,0.5,10.0,1,2.0,157.04706105708198,,,1920.0,1080.0,0.0,0.0,,,,,,,,,,,,,,,,,,,,,,,,,True,1,3.589282900094986,485.5002986998297,489.39254039991647,489.4059352995828,495.13455819990486,490.5549613996409,494.57244619959965,494.57244619959965,495.0741852996871,495.134560899809,495.0742190997116,485.5002986998297,495.0742190997116,9.5739203998819,False,
2026-01-20T14:27:32.265627,P20,A,1,32,A_MB01_T032,image,baseline_rect_01,baseline_rectangle,data/raw/stimuli/polygons/baseline_rectangle.json,A_Object_045,data/raw/stimuli/CAT2000/Object/045.jpg,Object,nan,1987,grid_22,1920,1080,23.119020643887126,13.503472356031734,4.0,0.5,10.0,1,2.0,157.04706105708198,,,1920.0,1080.0,0.0,0.0,,,,,,,,,,,,,,,,,,,,,,,,,True,1,0.20023509999737144,495.1353090996854,495.63853629957885,495.65580189973116,501.95055949967355,497.37106119981036,501.3889227998443,501.3889227998443,501.89072359958664,501.95056239981204,501.89075669972226,495.1353090996854,501.89075669972226,6.7554476000368595,False,
2026-01-20T14:27:40.131624,P20,A,1,33,A_MB01_T033,image,pair_C2_01,pair_C2_chc_vs_bbc_icc,data/raw/stimuli/polygons/pair_com_chc_vs_bbc_icc_01.json,A_Satelite_087,data/raw/stimuli/CAT2000/Satelite/087.jpg,Satelite,nan,1987,grid_23,2880,1080,32.63520862273857,13.503472356031734,4.0,0.5,10.0,1,2.0,157.04706105708198,,,1920.0,1080.0,0.0,0.0,,,,,,,,,,,,,,,,,,,,,,,,,True,1,1.3064461001195014,501.9513169997372,503.55853659985587,503.57216059975326,509.81658869981766,505.23748339992017,509.2553141997196,509.2553141997196,509.756954499986,509.81659249961376,509.75698199961334,501.9513169997372,509.75698199961334,7.805664999876171,False,
2026-01-20T14:27:47.932736,P20,A,1,34,A_MB01_T034,image,pair_C3_01,pair_C3_icc_vs_chc_bbc,data/raw/stimuli/polygons/pair_com_icc_vs_chc_bbc_01.json,A_Satelite_189,data/raw/stimuli/CAT2000/Satelite/189.jpg,Satelite,nan,1987,grid_31,960,1620,12.049751363346202,19.80974465169186,4.0,0.5,10.0,1,2.0,157.04706105708198,,,1920.0,1080.0,0.0,0.0,,,,,,,,,,,,,,,,,,,,,,,,,True,1,1.4371847999282181,509.8173022996634,511.5595388999209,511.57188689988106,517.617557299789,513.0371554996818,517.0550732999109,517.0550732999109,517.5569368996657,517.6175601999275,517.5569687997922,509.8173022996634,517.5569687997922,7.739666500128806,False,
2026-01-20T14:27:55.464767,P20,A,1,35,A_MB01_T035,image,iso_bbc_02,iso_bbc,data/raw/stimuli/polygons/iso_bbc_02.json,A_Sketch_071,data/raw/stimuli/CAT2000/Sketch/071.jpg,Sketch,nan,1987,grid_32,1920,1620,23.119020643887126,19.80974465169186,4.0,0.5,10.0,1,2.0,157.04706105708198,,,1920.0,1080.0,0.0,0.0,,,,,,,,,,,,,,,,,,,,,,,,,True,1,1.671252999920398,517.6183055997826,519.5915365000255,519.6049178997055,525.1495588999242,520.572216199711,524.5881672999822,524.5881672999822,525.0897650998086,525.149561799597,525.0897981999442,517.6183055997826,525.0897981999442,7.471492600161582,False,
2026-01-20T14:28:02.915023,P20,A,1,36,A_MB01_T036,image,pair_C3_03,pair_C3_icc_vs_chc_bbc,data/raw/stimuli/polygons/pair_com_icc_vs_chc_bbc_03.json,A_Object_151,data/raw/stimuli/CAT2000/Object/151.jpg,Object,nan,1987,grid_33,2880,1620,32.63520862273857,19.80974465169186,4.0,0.5,10.0,1,2.0,157.04706105708198,,,1920.0,1080.0,0.0,0.0,,,,,,,,,,,,,,,,,,,,,,,,,True,1,1.3557412000373006,525.150319899898,526.8095368999057,526.8214027998038,532.5995576996356,528.0208649998531,532.037917399779,532.037917399779,532.5398585000075,532.599560499657,532.5398901998997,525.150319899898,532.5398901998997,7.389570300001651,False,
2026-01-20T14:28:10.130227,P20,A,1,37,A_MB01_T037,image,iso_com_01,iso_com,data/raw/stimuli/polygons/iso_com_01.json,A_OutdoorNatural_077,data/raw/stimuli/CAT2000/OutdoorNatural/077.jpg,OutdoorNatural,nan,1987,grid_11,960,540,12.049751363346202,6.846807837997614,4.0,0.5,10.0,1,2.0,157.04706105708198,,,1920.0,1080.0,0.0,0.0,,,,,,,,,,,,,,,,,,,,,,,,,True,1,0.889794799964875,532.6003093998879,533.7885364997201,533.8044776995666,539.8145634997636,535.2372906999663,539.254324699752,539.254324699752,539.7563063995913,539.8145665996708,539.7563383998349,532.6003093998879,539.7563383998349,7.1560289999470115,False,
2026-01-20T14:28:16.698355,P20,A,1,38,A_MB01_T038,image,pair_C1_03,pair_C1_bbc_vs_chc_icc,data/raw/stimuli/polygons/pair_com_bbc_vs_chc_icc_03.json,A_OutdoorNatural_069,data/raw/stimuli/CAT2000/OutdoorNatural/069.jpg,OutdoorNatural,nan,1987,grid_12,1920,540,23.119020643887126,6.846807837997614,4.0,0.5,10.0,1,2.0,157.04706105708198,,,1920.0,1080.0,0.0,0.0,,,,,,,,,,,,,,,,,,,,,,,,,True,1,0.20026460010558367,539.8153569996357,540.3195356000215,540.3376370999031,546.3825584999286,541.8027921998873,545.820836499799,545.820836499799,546.3227494996972,546.3825614997186,546.3227799995802,539.8153569996357,546.3227799995802,6.507422999944538,False,
2026-01-20T14:28:23.015962,P20,A,1,39,A_MB01_T039,image,iso_bbc_03,iso_bbc,data/raw/stimuli/polygons/iso_bbc_03.json,A_Object_031,data/raw/stimuli/CAT2000/Object/031.jpg,Object,nan,1987,grid_13,2880,540,32.63520862273857,6.846807837997614,4.0,0.5,10.0,1,2.0,157.04706105708198,,,1920.0,1080.0,0.0,0.0,,,,,,,,,,,,,,,,,,,,,,,,,True,1,0.2002465999685228,546.3833352997899,546.9055357999168,546.9207552997395,552.7005578000098,548.120564899873,552.1372416997328,552.1372416997328,552.6390677997842,552.7005605995655,552.6390970000066,546.3833352997899,552.6390970000066,6.255761700216681,False,
2026-01-20T14:29:25.961829,P20,A,2,1,A_MB02_T040,image,baseline_sym_01,baseline_symmetric,data/raw/stimuli/polygons/baseline_symmetric_consolidated.json,A_Fractal_031,data/raw/stimuli/CAT2000/Fractal/031.jpg,Fractal,nan,1987,grid_21,960,1080,12.049751363346202,13.503472356031734,4.0,0.5,10.0,1,2.0,157.04706105708198,,,1920.0,1080.0,0.0,0.0,,,,,,,,,,,,,,,,,,,,,,,,,True,1,0.9939862000755966,606.8543858998455,608.1675358000211,608.1853831997141,615.6465586000122,611.0672435997985,615.0851801997051,615.0851801997051,615.5869973995723,615.6465613995679,615.5870305998251,606.8543858998455,615.5870305998251,8.732644699979573,False,
2026-01-20T14:29:33.579127,P20,A,2,2,A_MB02_T041,image,baseline_sym_01,baseline_symmetric,data/raw/stimuli/polygons/baseline_symmetric_consolidated.json,A_OutdoorNatural_075,data/raw/stimuli/CAT2000/OutdoorNatural/075.jpg,OutdoorNatural,nan,1987,grid_22,1920,1080,23.119020643887126,13.503472356031734,4.0,0.5,10.0,1,2.0,157.04706105708198,,,1920.0,1080.0,0.0,0.0,,,,,,,,,,,,,,,,,,,,,,,,,True,1,0.20026630023494363,615.6473069996573,616.151535899844,616.1685091997497,623.2635586997494,618.6835548998788,622.7015682999045,622.7015682999045,623.2032362995669,623.2635615998879,623.2032713997178,615.6473069996573,623.2032713997178,7.555964400060475,False,
2026-01-20T14:29:40.060637,P20,A,2,3,A_MB02_T042,empty,iso_chc_03,iso_chc,data/raw/stimuli/polygons/iso_chc_03.json,nan,nan,nan,nan,1987,grid_23,2880,1080,32.63520862273857,13.503472356031734,4.0,0.5,10.0,1,2.0,157.04706105708198,,,1920.0,1080.0,0.0,0.0,,,,,,,,,,,,,,,,,,,,,,,,,True,1,1.4557584002614021,623.2643050998449,625.0375369000249,625.0515067996457,629.7455608998425,625.168369199615,629.184727799613,629.184727799613,629.6867239000276,629.7455638996325,629.6867617997341,623.2643050998449,629.6867617997341,6.422456699889153,False,
2026-01-20T14:29:46.230102,P20,A,2,4,A_MB02_T043,image,iso_bbc_01,iso_bbc,data/raw/stimuli/polygons/iso_bbc_01.json,A_Sketch_173,data/raw/stimuli/CAT2000/Sketch/173.jpg,Sketch,nan,1987,grid_31,960,1620,12.049751363346202,19.80974465169186,4.0,0.5,10.0,1,2.0,157.04706105708198,,,1920.0,1080.0,0.0,0.0,,,,,,,,,,,,,,,,,,,,,,,,,True,1,0.20026199985295534,629.746261399705,630.2515355995856,630.2680595000274,635.9145595999435,631.3344650999643,635.351168199908,635.351168199908,635.8529860996641,635.9145624996163,635.8530184999108,629.746261399705,635.8530184999108,6.1067571002058685,False,
2026-01-20T14:29:54.194975,P20,A,2,5,A_MB02_T044,image,pair_C3_03,pair_C3_icc_vs_chc_bbc,data/raw/stimuli/polygons/pair_com_icc_vs_chc_bbc_03.json,A_Random_117,data/raw/stimuli/CAT2000/Random/117.jpg,Random,nan,1987,grid_32,1920,1620,23.119020643887126,19.80974465169186,4.0,0.5,10.0,1,2.0,157.04706105708198,,,1920.0,1080.0,0.0,0.0,,,,,,,,,,,,,,,,,,,,,,,,,True,1,1.7557071996852756,635.9153437996283,637.9715370996855,637.9844056996517,643.8795594000258,639.3004160998389,643.3175854999572,643.3175854999572,643.8194124000147,643.8795621995814,643.8194453995675,635.9153437996283,643.8194453995675,7.9041015999391675,False,
2026-01-20T14:30:06.293461,P20,A,2,6,A_MB02_T045,image,allfar_intermediate_01,allfar_intermediate,data/raw/stimuli/polygons/allfar_intermediate.json,A_Object_123,data/raw/stimuli/CAT2000/Object/123.jpg,Object,nan,1987,grid_33,2880,1620,32.63520862273857,19.80974465169186,4.0,0.5,10.0,1,2.0,157.04706105708198,,,1920.0,1080.0,0.0,0.0,,,,,,,,,,,,,,,,,,,,,,,,,True,1,5.839024799875915,643.880325099919,650.0385361998342,650.050658099819,655.9775605998002,651.3998989998363,655.4171531000175,655.4171531000175,655.9190225997008,655.9775633998215,655.9190578996204,643.880325099919,655.9190578996204,12.038732799701393,False,
2026-01-20T14:30:14.393420,P20,A,2,7,A_MB02_T046,image,iso_com_03,iso_com,data/raw/stimuli/polygons/iso_com_03.json,A_Satelite_197,data/raw/stimuli/CAT2000/Satelite/197.jpg,Satelite,nan,1987,grid_11,960,540,12.049751363346202,6.846807837997614,4.0,0.5,10.0,1,2.0,157.04706105708198,,,1920.0,1080.0,0.0,0.0,,,,,,,,,,,,,,,,,,,,,,,,,True,1,1.7556991996243596,655.9783132998273,658.0385358999483,658.0504234996624,664.0775568997487,659.4990232996643,663.516907799989,663.516907799989,664.0187204997055,664.0775595996529,664.0187511998229,655.9783132998273,664.0187511998229,8.040437899995595,False,
2026-01-20T14:30:24.358601,P20,A,2,8,A_MB02_T047,image,allfar_intermediate_01,allfar_intermediate,data/raw/stimuli/polygons/allfar_intermediate.json,A_Sketch_163,data/raw/stimuli/CAT2000/Sketch/163.jpg,Sketch,nan,1987,grid_12,1920,540,23.119020643887126,6.846807837997614,4.0,0.5,10.0,1,2.0,157.04706105708198,,,1920.0,1080.0,0.0,0.0,,,,,,,,,,,,,,,,,,,,,,,,,True,1,4.021060799714178,664.0782015998848,668.4145359997638,668.4334184997715,674.0435591996647,669.4670400996692,673.4832775997929,673.4832775997929,673.9850943996571,674.0435619996861,673.9851285996847,664.0782015998848,673.9851285996847,9.906926999799907,False,
2026-01-20T14:30:30.709772,P20,A,2,9,A_MB02_T048,image,iso_com_03,iso_com,data/raw/stimuli/polygons/iso_com_03.json,A_Satelite_167,data/raw/stimuli/CAT2000/Satelite/167.jpg,Satelite,nan,1987,grid_13,2880,540,32.63520862273857,6.846807837997614,4.0,0.5,10.0,1,2.0,157.04706105708198,,,1920.0,1080.0,0.0,0.0,,,,,,,,,,,,,,,,,,,,,,,,,True,1,0.2002683999016881,674.0443076998927,674.5475402995944,674.5665879999287,680.3945596995763,675.8158154999837,679.8330451999791,679.8330451999791,680.3345108996145,680.394562299829,680.3345420998521,674.0443076998927,680.3345420998521,6.290234399959445,False,
2026-01-20T14:30:40.991565,P20,A,2,10,A_MB02_T049,image,pair_C3_02,pair_C3_icc_vs_chc_bbc,data/raw/stimuli/polygons/pair_com_icc_vs_chc_bbc_02.json,A_OutdoorNatural_197,data/raw/stimuli/CAT2000/OutdoorNatural/197.jpg,OutdoorNatural,nan,1987,grid_21,960,1080,12.049751363346202,13.503472356031734,4.0,0.5,10.0,1,2.0,157.04706105708198,,,1920.0,1080.0,0.0,0.0,,,,,,,,,,,,,,,,,,,,,,,,,True,1,3.7554822000674903,680.3952118996531,684.4525366998278,684.4662073999643,690.6765568000264,686.0987019999884,690.1160430996679,690.1160430996679,690.6177031998523,690.6765595995821,690.6177329998463,680.3952118996531,690.6177329998463,10.222521100193262,False,
2026-01-20T14:30:47.042180,P20,A,2,11,A_MB02_T050,image,iso_com_03,iso_com,data/raw/stimuli/polygons/iso_com_03.json,A_Sketch_125,data/raw/stimuli/CAT2000/Sketch/125.jpg,Sketch,nan,1987,grid_22,1920,1080,23.119020643887126,13.503472356031734,4.0,0.5,10.0,1,2.0,157.04706105708198,,,1920.0,1080.0,0.0,0.0,,,,,,,,,,,,,,,,,,,,,,,,,True,1,0.20029469998553395,690.6772035998292,691.1825352995656,691.1994004999287,696.7265584999695,692.1498270998709,696.1658264999278,696.1658264999278,696.6677227998152,696.7265612999909,696.6677522999234,690.6772035998292,696.6677522999234,5.990548700094223,False,
2026-01-20T14:30:53.158632,P20,A,2,12,A_MB02_T051,image,pair_C3_03,pair_C3_icc_vs_chc_bbc,data/raw/stimuli/polygons/pair_com_icc_vs_chc_bbc_03.json,A_Sketch_197,data/raw/stimuli/CAT2000/Sketch/197.jpg,Sketch,nan,1987,grid_23,2880,1080,32.63520862273857,13.503472356031734,4.0,0.5,10.0,1,2.0,157.04706105708198,,,1920.0,1080.0,0.0,0.0,,,,,,,,,,,,,,,,,,,,,,,,,True,1,0.20023729978129268,696.7273020995781,697.2345370999537,697.2491929996759,702.8435592995957,698.2662724996917,702.2822700999677,702.2822700999677,702.7842919998802,702.843562099617,702.7843222999945,696.7273020995781,702.7843222999945,6.057020200416446,False,
2026-01-20T14:31:09.025796,P20,A,2,13,A_MB02_T052,image,iso_bbc_02,iso_bbc,data/raw/stimuli/polygons/iso_bbc_02.json,A_Satelite_017,data/raw/stimuli/CAT2000/Satelite/017.jpg,Satelite,nan,1987,grid_31,960,1620,12.049751363346202,19.80974465169186,4.0,0.5,10.0,1,2.0,157.04706105708198,,,1920.0,1080.0,0.0,0.0,,,,,,,,,,,,,,,,,,,,,,,,,True,1,9.67223050026223,702.8443037997931,712.8265374000184,712.8486174996942,718.7105589997955,714.1311896997504,718.1484795999713,718.1484795999713,718.6503559998237,718.7105616996996,718.6503848996945,702.8443037997931,718.6503848996945,15.806081099901348,False,
2026-01-20T14:31:16.476864,P20,A,2,14,A_MB02_T053,image,pair_C2_02,pair_C2_chc_vs_bbc_icc,data/raw/stimuli/polygons/pair_com_chc_vs_bbc_icc_02.json,A_Random_105,data/raw/stimuli/CAT2000/Random/105.jpg,Random,nan,1987,grid_32,1920,1620,23.119020643887126,19.80974465169186,4.0,0.5,10.0,1,2.0,157.04706105708198,,,1920.0,1080.0,0.0,0.0,,,,,,,,,,,,,,,,,,,,,,,,,True,1,1.1717154998332262,718.7113619996235,720.1845362000167,720.1983793997206,726.161560099572,721.5812891996466,725.5982035999186,725.5982035999186,726.1000577998348,726.1615629997104,726.1000928999856,718.7113619996235,726.1000928999856,7.388730900362134,False,
2026-01-20T14:31:24.141871,P20,A,2,15,A_MB02_T054,image,iso_com_03,iso_com,data/raw/stimuli/polygons/iso_com_03.json,A_Random_159,data/raw/stimuli/CAT2000/Random/159.jpg,Random,nan,1987,grid_33,2880,1620,32.63520862273857,19.80974465169186,4.0,0.5,10.0,1,2.0,157.04706105708198,,,1920.0,1080.0,0.0,0.0,,,,,,,,,,,,,,,,,,,,,,,,,True,1,1.3724576998502016,726.1623142999597,727.8355379998684,727.8481230000034,733.826558099594,729.2473756996915,733.2646129997447,733.2646129997447,733.7664655996487,733.8265606998466,733.7664987999015,726.1623142999597,733.7664987999015,7.604184499941766,False,
2026-01-20T14:31:33.159117,P20,A,2,16,A_MB02_T055,image,pair_C3_01,pair_C3_icc_vs_chc_bbc,data/raw/stimuli/polygons/pair_com_icc_vs_chc_bbc_01.json,A_OutdoorNatural_051,data/raw/stimuli/CAT2000/OutdoorNatural/051.jpg,OutdoorNatural,nan,1987,grid_11,960,540,12.049751363346202,6.846807837997614,4.0,0.5,10.0,1,2.0,157.04706105708198,,,1920.0,1080.0,0.0,0.0,,,,,,,,,,,,,,,,,,,,,,,,,True,1,2.706151300109923,733.8272069999948,736.8345377999358,736.8478265996091,742.8435568995774,738.2635514996946,742.2809736998752,742.2809736998752,742.7828314998187,742.8435596995987,742.782864799723,733.8272069999948,742.782864799723,8.955657799728215,False,
2026-01-20T14:31:39.805699,P20,A,2,17,A_MB02_T056,image,pair_C1_01,pair_C1_bbc_vs_chc_icc,data/raw/stimuli/polygons/pair_com_bbc_vs_chc_icc_01.json,A_Random_115,data/raw/stimuli/CAT2000/Random/115.jpg,Random,nan,1987,grid_12,1920,540,23.119020643887126,6.846807837997614,4.0,0.5,10.0,1,2.0,157.04706105708198,,,1920.0,1080.0,0.0,0.0,,,,,,,,,,,,,,,,,,,,,,,,,True,1,0.2002321002073586,742.8442009999417,743.3475353997201,743.3643575999886,749.4905593995936,744.9128890996799,748.9307230999693,748.9307230999693,749.4325690995902,749.4905624999665,749.4325972995721,742.8442009999417,749.4325972995721,6.5883962996304035,False,
2026-01-20T14:31:46.941415,P20,A,2,18,A_MB02_T057,image,iso_bbc_03,iso_bbc,data/raw/stimuli/polygons/iso_bbc_03.json,A_Sketch_015,data/raw/stimuli/CAT2000/Sketch/015.jpg,Sketch,nan,1987,grid_13,2880,540,32.63520862273857,6.846807837997614,4.0,0.5,10.0,1,2.0,157.04706105708198,,,1920.0,1080.0,0.0,0.0,,,,,,,,,,,,,,,,,,,,,,,,,True,1,1.2236548997461796,749.4912058999762,751.0335371997207,751.047367000021,756.6255592997186,752.0479766996577,756.0638797995634,756.0638797995634,756.5658595999703,756.6255621998571,756.5658869999461,749.4912058999762,756.5658869999461,7.074681099969894,False,
2026-01-20T14:31:53.291703,P20,A,2,19,A_MB02_T058,empty,iso_chc_01,iso_chc,data/raw/stimuli/polygons/iso_chc_01.json,nan,nan,nan,nan,1987,grid_21,960,1080,12.049751363346202,13.503472356031734,4.0,0.5,10.0,1,2.0,157.04706105708198,,,1920.0,1080.0,0.0,0.0,,,,,,,,,,,,,,,,,,,,,,,,,True,1,1.3397650001570582,756.6263134996407,758.2655361997895,758.2804498998448,762.9765600999817,758.3973069996573,762.4136766996235,762.4136766996235,762.9156124996953,762.976562900003,762.9156413995661,756.6263134996407,762.9156413995661,6.289327899925411,False,
2026-01-20T14:31:59.422707,P20,A,2,20,A_MB02_T059,image,iso_icc_02,iso_icc,data/raw/stimuli/polygons/iso_icc_02.json,A_Sketch_109,data/raw/stimuli/CAT2000/Sketch/109.jpg,Sketch,nan,1987,grid_22,1920,1080,23.119020643887126,13.503472356031734,4.0,0.5,10.0,1,2.0,157.04706105708198,,,1920.0,1080.0,0.0,0.0,,,,,,,,,,,,,,,,,,,,,,,,,True,1,0.20021949987858534,762.9772676997818,763.4785353997722,763.4969885000028,769.1075585000217,764.5293336999603,768.5467852996662,768.5467852996662,769.0484323999844,769.1075612995774,769.0484642996453,762.9772676997818,769.0484642996453,6.07119659986347,False,
2026-01-20T14:32:05.707412,P20,A,2,21,A_MB02_T060,image,iso_com_02,iso_com,data/raw/stimuli/polygons/iso_com_02.json,A_Object_085,data/raw/stimuli/CAT2000/Object/085.jpg,Object,nan,1987,grid_23,2880,1080,32.63520862273857,13.503472356031734,4.0,0.5,10.0,1,2.0,157.04706105708198,,,1920.0,1080.0,0.0,0.0,,,,,,,,,,,,,,,,,,,,,,,,,True,1,0.20023120008409023,769.1083066998981,769.6135352998972,769.6301061999984,775.3915585996583,770.8128998000175,774.8299280996434,774.8299280996434,775.3317570998333,775.3915613996796,775.3317900998518,769.1083066998981,775.3317900998518,6.223483399953693,False,
2026-01-20T14:32:12.689519,P20,A,2,22,A_MB02_T061,image,allfar_concave_01,allfar_concave,data/raw/stimuli/polygons/allfar_concave.json,A_Sketch_093,data/raw/stimuli/CAT2000/Sketch/093.jpg,Sketch,nan,1987,grid_31,960,1620,12.049751363346202,19.80974465169186,4.0,0.5,10.0,1,2.0,157.04706105708198,,,1920.0,1080.0,0.0,0.0,,,,,,,,,,,,,,,,,,,,,,,,,True,1,1.0201689000241458,775.3923066998832,776.7155359997414,776.7298415997066,782.374559099786,777.7969644996338,781.8130668997765,781.8130668997765,782.3148504998535,782.3745618998073,782.3148880996741,775.3923066998832,782.3148880996741,6.922581399790943,False,
2026-01-20T14:32:19.206658,P20,A,2,23,A_MB02_T062,image,pair_C3_01,pair_C3_icc_vs_chc_bbc,data/raw/stimuli/polygons/pair_com_icc_vs_chc_bbc_01.json,A_Satelite_173,data/raw/stimuli/CAT2000/Satelite/173.jpg,Satelite,nan,1987,grid_32,1920,1620,23.119020643887126,19.80974465169186,4.0,0.5,10.0,1,2.0,157.04706105708198,,,1920.0,1080.0,0.0,0.0,,,,,,,,,,,,,,,,,,,,,,,,,True,1,0.20026860013604164,782.375319799874,782.8805355997756,782.8963428996503,788.8915566997603,784.3119191997685,788.3295140997507,788.3295140997507,788.8312368998304,788.8915591998957,788.8312646998093,782.375319799874,788.8312646998093,6.455944899935275,False,
2026-01-20T14:32:27.205146,P20,A,2,24,A_MB02_T063,image,pair_C2_02,pair_C2_chc_vs_bbc_icc,data/raw/stimuli/polygons/pair_com_chc_vs_bbc_icc_02.json,A_Fractal_037,data/raw/stimuli/CAT2000/Fractal/037.jpg,Fractal,nan,1987,grid_33,2880,1620,32.63520862273857,19.80974465169186,4.0,0.5,10.0,1,2.0,157.04706105708198,,,1920.0,1080.0,0.0,0.0,,,,,,,,,,,,,,,,,,,,,,,,,True,1,1.6393313999287784,788.8922047996894,790.8395367995836,790.8627591999248,796.889559999574,792.3115635998547,796.3291758997366,796.3291758997366,796.830866499804,796.8895629998296,796.830895899795,788.8922047996894,796.830895899795,7.938691100105643,False,
2026-01-20T14:32:35.321198,P20,A,2,25,A_MB02_T064,image,iso_icc_03,iso_icc,data/raw/stimuli/polygons/iso_icc_03.json,A_Fractal_149,data/raw/stimuli/CAT2000/Fractal/149.jpg,Fractal,nan,1987,grid_11,960,540,12.049751363346202,6.846807837997614,4.0,0.5,10.0,1,2.0,157.04706105708198,,,1920.0,1080.0,0.0,0.0,,,,,,,,,,,,,,,,,,,,,,,,,True,1,1.2564205001108348,796.890199800022,798.4665367999114,798.4791333996691,805.0055612996221,800.4276272999123,804.4456157996319,804.4456157996319,804.947318200022,805.0055641997606,804.9473464000039,796.890199800022,804.9473464000039,8.057146599981934,False,
2026-01-20T14:32:42.489753,P20,A,2,26,A_MB02_T065,image,iso_bbc_02,iso_bbc,data/raw/stimuli/polygons/iso_bbc_02.json,A_Fractal_167,data/raw/stimuli/CAT2000/Fractal/167.jpg,Fractal,nan,1987,grid_12,1920,540,23.119020643887126,6.846807837997614,4.0,0.5,10.0,1,2.0,157.04706105708198,,,1920.0,1080.0,0.0,0.0,,,,,,,,,,,,,,,,,,,,,,,,,True,1,0.9385301996953785,805.00632199971,806.2485358999111,806.2622195999138,812.1745595997199,807.5942908995785,811.6120260995813,811.6120260995813,812.1137206996791,812.1745625999756,812.1137568997219,805.00632199971,812.1137568997219,7.107434900011867,False,
2026-01-20T14:32:47.705573,P20,A,2,27,A_MB02_T066,empty,iso_icc_01,iso_icc,data/raw/stimuli/polygons/iso_icc_01.json,nan,nan,nan,nan,1987,grid_13,2880,540,32.63520862273857,6.846807837997614,4.0,0.5,10.0,1,2.0,157.04706105708198,,,1920.0,1080.0,0.0,0.0,,,,,,,,,,,,,,,,,,,,,,,,,True,1,0.20021469984203577,812.1752132996917,812.6765358997509,812.6954140998423,817.3905572998337,812.8122138995677,816.8286045999266,816.8286045999266,817.3305231998675,817.3905600998551,817.3305544997565,812.1752132996917,817.3305544997565,5.155341200064868,False,
2026-01-20T14:32:56.754822,P20,A,2,28,A_MB02_T067,image,allfar_intermediate_01,allfar_intermediate,data/raw/stimuli/polygons/allfar_intermediate.json,A_Fractal_101,data/raw/stimuli/CAT2000/Fractal/101.jpg,Fractal,nan,1987,grid_21,960,1080,12.049751363346202,13.503472356031734,4.0,0.5,10.0,1,2.0,157.04706105708198,,,1920.0,1080.0,0.0,0.0,,,,,,,,,,,,,,,,,,,,,,,,,True,1,2.422362500336021,817.3912555999123,820.142540499568,820.1617369996384,826.4396065999754,821.8603171999566,825.8782998998649,825.8782998998649,826.380999899935,826.4396115997806,826.381059799809,817.3912555999123,826.381059799809,8.989804199896753,False,
2026-01-20T14:33:04.405573,P20,A,2,29,A_MB02_T068,image,iso_bbc_02,iso_bbc,data/raw/stimuli/polygons/iso_bbc_02.json,A_Object_007,data/raw/stimuli/CAT2000/Object/007.jpg,Object,nan,1987,grid_22,1920,1080,23.119020643887126,13.503472356031734,4.0,0.5,10.0,1,2.0,157.04706105708198,,,1920.0,1080.0,0.0,0.0,,,,,,,,,,,,,,,,,,,,,,,,,True,1,1.505428200121969,826.4403311996721,828.2785367998295,828.2948406999931,834.0905662998557,829.5110327997245,833.528019499965,833.528019499965,834.0297771999612,834.0905694998801,834.0298088998534,826.4403311996721,834.0298088998534,7.589477700181305,False,
2026-01-20T14:33:15.803907,P20,A,2,30,A_MB02_T069,image,iso_icc_03,iso_icc,data/raw/stimuli/polygons/iso_icc_03.json,A_Satelite_075,data/raw/stimuli/CAT2000/Satelite/075.jpg,Satelite,nan,1987,grid_23,2880,1080,32.63520862273857,13.503472356031734,4.0,0.5,10.0,1,2.0,157.04706105708198,,,1920.0,1080.0,0.0,0.0,,,,,,,,,,,,,,,,,,,,,,,,,True,1,4.738774899858981,834.0912234997377,839.1305371997878,839.1444888999686,845.4885570998304,840.9093557996675,844.9277074998245,844.9277074998245,845.4295982997864,845.4885597997345,845.429630999919,834.0912234997377,845.429630999919,11.338407500181347,False,
2026-01-20T14:33:23.470318,P20,A,2,31,A_MB02_T070,image,iso_com_03,iso_com,data/raw/stimuli/polygons/iso_com_03.json,A_Object_155,data/raw/stimuli/CAT2000/Object/155.jpg,Object,nan,1987,grid_31,960,1620,12.049751363346202,19.80974465169186,4.0,0.5,10.0,1,2.0,157.04706105708198,,,1920.0,1080.0,0.0,0.0,,,,,,,,,,,,,,,,,,,,,,,,,True,1,1.6875037997961044,845.4893006999046,847.4805362997577,847.4941788995638,853.1545576998033,848.577915799804,852.5940442997962,852.5940442997962,853.0959405996837,853.1545604998246,853.0959743997082,845.4893006999046,853.0959743997082,7.60667369980365,False,
2026-01-20T14:33:30.486453,P20,A,2,32,A_MB02_T071,image,pair_C3_01,pair_C3_icc_vs_chc_bbc,data/raw/stimuli/polygons/pair_com_icc_vs_chc_bbc_01.json,A_Sketch_019,data/raw/stimuli/CAT2000/Sketch/019.jpg,Sketch,nan,1987,grid_32,1920,1620,23.119020643887126,19.80974465169186,4.0,0.5,10.0,1,2.0,157.04706105708198,,,1920.0,1080.0,0.0,0.0,,,,,,,,,,,,,,,,,,,,,,,,,True,1,1.0886047002859414,853.1552967997268,854.5655379998498,854.5772953997366,860.1705610998906,855.5942408000119,859.6105006998405,859.6105006998405,860.1121671996079,860.1705638999119,860.1122006997466,853.1552967997268,860.1122006997466,6.9569039000198245,False,
2026-01-20T14:33:37.453526,P20,A,2,33,A_MB02_T072,image,allfar_convex_01,allfar_convex,data/raw/stimuli/polygons/allfar_convex.json,A_Random_055,data/raw/stimuli/CAT2000/Random/055.jpg,Random,nan,1987,grid_33,2880,1620,32.63520862273857,19.80974465169186,4.0,0.5,10.0,1,2.0,157.04706105708198,,,1920.0,1080.0,0.0,0.0,,,,,,,,,,,,,,,,,,,,,,,,,True,1,0.9390523000620306,860.1713095996529,861.4305367995985,861.443713999819,867.1385625000112,862.5601650997996,866.5769743998535,866.5769743998535,867.0788898998871,867.1385654998012,867.0789222000167,860.1713095996529,867.0789222000167,6.907612600363791,False,
2026-01-20T14:33:47.970668,P20,A,2,34,A_MB02_T073,image,iso_icc_02,iso_icc,data/raw/stimuli/polygons/iso_icc_02.json,A_Fractal_119,data/raw/stimuli/CAT2000/Fractal/119.jpg,Fractal,nan,1987,grid_11,960,540,12.049751363346202,6.846807837997614,4.0,0.5,10.0,1,2.0,157.04706105708198,,,1920.0,1080.0,0.0,0.0,,,,,,,,,,,,,,,,,,,,,,,,,True,1,3.9397260998375714,867.1393487998284,871.3785372995771,871.3934116996825,877.6555569996126,873.075101999566,877.0932111996226,877.0932111996226,877.5949214999564,877.6555596999824,877.5949507998303,867.1393487998284,877.5949507998303,10.455602000001818,False,
2026-01-20T14:33:54.501526,P20,A,2,35,A_MB02_T074,image,pair_C1_01,pair_C1_bbc_vs_chc_icc,data/raw/stimuli/polygons/pair_com_bbc_vs_chc_icc_01.json,A_Satelite_113,data/raw/stimuli/CAT2000/Satelite/113.jpg,Satelite,nan,1987,grid_12,1920,540,23.119020643887126,6.846807837997614,4.0,0.5,10.0,1,2.0,157.04706105708198,,,1920.0,1080.0,0.0,0.0,,,,,,,,,,,,,,,,,,,,,,,,,True,1,0.20027170004323125,877.6562397996895,878.1615355997346,878.1765564000234,884.1865582996979,879.6089335996658,883.626361799892,883.626361799892,884.1280677998438,884.1865609996021,884.128100999631,877.6562397996895,884.128100999631,6.471861199941486,False,
2026-01-20T14:34:01.220462,P20,A,2,36,A_MB02_T075,image,iso_icc_03,iso_icc,data/raw/stimuli/polygons/iso_icc_03.json,A_Object_025,data/raw/stimuli/CAT2000/Object/025.jpg,Object,nan,1987,grid_13,2880,540,32.63520862273857,6.846807837997614,4.0,0.5,10.0,1,2.0,157.04706105708198,,,1920.0,1080.0,0.0,0.0,,,,,,,,,,,,,,,,,,,,,,,,,True,1,0.20032319985330105,884.1873465999961,884.6915397997946,884.709689699579,890.9045596998185,886.3248939998448,890.3428547997028,890.3428547997028,890.8448340999894,890.9045623997226,890.84486870002,884.1873465999961,890.84486870002,6.657522100023925,False,
2026-01-20T14:34:08.668642,P20,A,2,37,A_MB02_T076,image,iso_bbc_03,iso_bbc,data/raw/stimuli/polygons/iso_bbc_03.json,A_Sketch_027,data/raw/stimuli/CAT2000/Sketch/027.jpg,Sketch,nan,1987,grid_21,960,1080,12.049751363346202,13.503472356031734,4.0,0.5,10.0,1,2.0,157.04706105708198,,,1920.0,1080.0,0.0,0.0,,,,,,,,,,,,,,,,,,,,,,,,,True,1,1.606369299814105,890.9053173996508,892.8135363999754,892.8260613996536,898.3535568998195,893.7764289998449,897.79253649991,897.79253649991,898.2942288997583,898.3535596998408,898.2942603998818,890.9053173996508,898.2942603998818,7.388943000230938,False,
2026-01-20T14:34:15.967780,P20,A,2,38,A_MB02_T077,image,pair_C1_01,pair_C1_bbc_vs_chc_icc,data/raw/stimuli/polygons/pair_com_bbc_vs_chc_icc_01.json,A_Object_079,data/raw/stimuli/CAT2000/Object/079.jpg,Object,nan,1987,grid_22,1920,1080,23.119020643887126,13.503472356031734,4.0,0.5,10.0,1,2.0,157.04706105708198,,,1920.0,1080.0,0.0,0.0,,,,,,,,,,,,,,,,,,,,,,,,,True,1,1.2060723002068698,898.3543312996626,899.863536299672,899.875821699854,905.6525590997189,901.0751755996607,905.0923293000087,905.0923293000087,905.594148399774,905.6525619998574,905.5941813997924,898.3543312996626,905.5941813997924,7.239850100129843,False,
2026-01-20T14:34:23.735360,P20,A,2,39,A_MB02_T078,image,allfar_concave_01,allfar_concave,data/raw/stimuli/polygons/allfar_concave.json,A_OutdoorNatural_155,data/raw/stimuli/CAT2000/OutdoorNatural/155.jpg,OutdoorNatural,nan,1987,grid_23,2880,1080,32.63520862273857,13.503472356031734,4.0,0.5,10.0,1,2.0,157.04706105708198,,,1920.0,1080.0,0.0,0.0,,,,,,,,,,,,,,,,,,,,,,,,,True,1,1.4225134002044797,905.653342699632,907.379536899738,907.3922427999787,913.4195567998104,908.8408084996045,912.8587326998822,912.8587326998822,913.3608016995713,913.4195594997145,913.3608307996765,905.653342699632,913.3608307996765,7.707488100044429,False,
2026-01-20T14:35:23.934144,P20,A,3,1,A_MB03_T079,image,pair_C1_02,pair_C1_bbc_vs_chc_icc,data/raw/stimuli/polygons/pair_com_bbc_vs_chc_icc_02.json,A_Sketch_149,data/raw/stimuli/CAT2000/Sketch/149.jpg,Sketch,nan,1987,grid_31,960,1620,12.049751363346202,19.80974465169186,4.0,0.5,10.0,1,2.0,157.04706105708198,,,1920.0,1080.0,0.0,0.0,,,,,,,,,,,,,,,,,,,,,,,,,True,1,1.9152071001008153,965.7093115998432,967.9425356998108,967.9569156998768,973.6185583998449,969.0409776996821,973.0567478998564,973.0567478998564,973.558694599662,973.6185612999834,973.5587299996987,965.7093115998432,973.5587299996987,7.8494183998554945,False,
2026-01-20T14:35:33.034325,P20,A,3,2,A_MB03_T080,image,allfar_intermediate_01,allfar_intermediate,data/raw/stimuli/polygons/allfar_intermediate.json,A_Fractal_131,data/raw/stimuli/CAT2000/Fractal/131.jpg,Fractal,nan,1987,grid_32,1920,1620,23.119020643887126,19.80974465169186,4.0,0.5,10.0,1,2.0,157.04706105708198,,,1920.0,1080.0,0.0,0.0,,,,,,,,,,,,,,,,,,,,,,,,,True,1,2.6229246999137104,973.6193100996315,976.5425377995707,976.556630899664,982.7185587999411,978.1381733999588,982.1564591997303,982.1564591997303,982.6584377996624,982.7185615999624,982.6584776998498,973.6193100996315,982.6584776998498,9.039167600218207,False,
2026-01-20T14:35:38.265545,P20,A,3,3,A_MB03_T081,empty,allfar_convex_01,allfar_convex,data/raw/stimuli/polygons/allfar_convex.json,nan,nan,nan,nan,1987,grid_33,2880,1620,32.63520862273857,19.80974465169186,4.0,0.5,10.0,1,2.0,157.04706105708198,,,1920.0,1080.0,0.0,0.0,,,,,,,,,,,,,,,,,,,,,,,,,True,1,0.20024079969152808,982.7193125998601,983.2405367000028,983.2564113996923,987.9505562996492,983.3732576998882,987.389666099567,987.389666099567,987.8915352998301,987.950559000019,987.8915648995899,982.7193125998601,987.8915648995899,5.172252299729735,False,
2026-01-20T14:35:45.900452,P20,A,3,4,A_MB03_T082,image,iso_chc_01,iso_chc,data/raw/stimuli/polygons/iso_chc_01.json,A_OutdoorNatural_149,data/raw/stimuli/CAT2000/OutdoorNatural/149.jpg,OutdoorNatural,nan,1987,grid_11,960,540,12.049751363346202,6.846807837997614,4.0,0.5,10.0,1,2.0,157.04706105708198,,,1920.0,1080.0,0.0,0.0,,,,,,,,,,,,,,,,,,,,,,,,,True,1,1.3708271002396941,987.9511559996754,989.6265356997028,989.6395292999223,995.5845589996316,991.0051583996974,995.0227206000127,995.0227206000127,995.5244104997255,995.5845617996529,995.5244447998703,987.9511559996754,995.5244447998703,7.5732888001948595,False,
2026-01-20T14:35:51.115610,P20,A,3,5,A_MB03_T083,empty,baseline_rect_01,baseline_rectangle,data/raw/stimuli/polygons/baseline_rectangle.json,nan,nan,nan,nan,1987,grid_12,1920,540,23.119020643887126,6.846807837997614,4.0,0.5,10.0,1,2.0,157.04706105708198,,,1920.0,1080.0,0.0,0.0,,,,,,,,,,,,,,,,,,,,,,,,,True,1,0.20024759974330664,995.5853068996221,996.0885353996418,996.1060375999659,1000.8005584999919,996.2227523997426,1000.2391741997562,1000.2391741997562,1000.7411199999042,1000.8005613000132,1000.7411521999165,995.5853068996221,1000.7411521999165,5.155845300294459,False,
2026-01-20T14:35:58.866014,P20,A,3,6,A_MB03_T084,image,iso_icc_02,iso_icc,data/raw/stimuli/polygons/iso_icc_02.json,A_Satelite_065,data/raw/stimuli/CAT2000/Satelite/065.jpg,Satelite,nan,1987,grid_13,2880,540,32.63520862273857,6.846807837997614,4.0,0.5,10.0,1,2.0,157.04706105708198,,,1920.0,1080.0,0.0,0.0,,,,,,,,,,,,,,,,,,,,,,,,,True,1,1.256758799776435,1000.8012710995972,1002.3585358997807,1002.3724511996843,1008.5505589996465,1003.9714732998982,1007.9889110997319,1007.9889110997319,1008.4904888998717,1008.5505617996678,1008.4905171999708,1000.8012710995972,1008.4905171999708,7.689246100373566,False,
2026-01-20T14:36:06.416428,P20,A,3,7,A_MB03_T085,image,pair_C1_02,pair_C1_bbc_vs_chc_icc,data/raw/stimuli/polygons/pair_com_bbc_vs_chc_icc_02.json,A_Satelite_051,data/raw/stimuli/CAT2000/Satelite/051.jpg,Satelite,nan,1987,grid_21,960,1080,12.049751363346202,13.503472356031734,4.0,0.5,10.0,1,2.0,157.04706105708198,,,1920.0,1080.0,0.0,0.0,,,,,,,,,,,,,,,,,,,,,,,,,True,1,1.1064739995636046,1008.551217999775,1009.9605364999734,1009.9721762998961,1016.1005585999228,1011.5209129997529,1015.5387554997578,1015.5387554997578,1016.040548000019,1016.1005613999441,1016.0405809995718,1008.551217999775,1016.0405809995718,7.489362999796867,False,
2026-01-20T14:36:12.783336,P20,A,3,8,A_MB03_T086,image,iso_com_02,iso_com,data/raw/stimuli/polygons/iso_com_02.json,A_Fractal_091,data/raw/stimuli/CAT2000/Fractal/091.jpg,Fractal,nan,1987,grid_22,1920,1080,23.119020643887126,13.503472356031734,4.0,0.5,10.0,1,2.0,157.04706105708198,,,1920.0,1080.0,0.0,0.0,,,,,,,,,,,,,,,,,,,,,,,,,True,1,0.20025760028511286,1016.1013060999103,1016.6045358995907,1016.622044199612,1022.4675568998791,1017.8877701996826,1021.9051528996788,1021.9051528996788,1022.4071549996734,1022.4675595997833,1022.4071840997785,1016.1013060999103,1022.4071840997785,6.305877999868244,False,
2026-01-20T14:36:20.563576,P20,A,3,9,A_MB03_T087,image,pair_C3_03,pair_C3_icc_vs_chc_bbc,data/raw/stimuli/polygons/pair_com_icc_vs_chc_bbc_03.json,A_Random_193,data/raw/stimuli/CAT2000/Random/193.jpg,Random,nan,1987,grid_23,2880,1080,32.63520862273857,13.503472356031734,4.0,0.5,10.0,1,2.0,157.04706105708198,,,1920.0,1080.0,0.0,0.0,,,,,,,,,,,,,,,,,,,,,,,,,True,1,1.6036730003543198,1022.4682067995891,1024.3745366996154,1024.3884064997546,1030.2485558995977,1025.6709819999523,1029.6882058996707,1029.6882058996707,1030.1899388995953,1030.2485585999675,1030.1899687997065,1022.4682067995891,1030.1899687997065,7.721762000117451,False,
2026-01-20T14:36:30.314463,P20,A,3,10,A_MB03_T088,image,baseline_sym_01,baseline_symmetric,data/raw/stimuli/polygons/baseline_symmetric_consolidated.json,A_Random_093,data/raw/stimuli/CAT2000/Random/093.jpg,Random,nan,1987,grid_31,960,1620,12.049751363346202,19.80974465169186,4.0,0.5,10.0,1,2.0,157.04706105708198,,,1920.0,1080.0,0.0,0.0,,,,,,,,,,,,,,,,,,,,,,,,,True,1,2.2557351998984814,1030.2492039999925,1032.8075409997255,1032.821451399941,1039.99856369989,1035.4198904000223,1039.437925899867,1039.437925899867,1039.939924299717,1039.9985664999112,1039.9399563996121,1030.2492039999925,1039.9399563996121,9.690752399619669,False,
2026-01-20T14:36:40.197895,P20,A,3,11,A_MB03_T089,image,pair_C3_02,pair_C3_icc_vs_chc_bbc,data/raw/stimuli/polygons/pair_com_icc_vs_chc_bbc_02.json,A_Random_027,data/raw/stimuli/CAT2000/Random/027.jpg,Random,nan,1987,grid_32,1920,1620,23.119020643887126,19.80974465169186,4.0,0.5,10.0,1,2.0,157.04706105708198,,,1920.0,1080.0,0.0,0.0,,,,,,,,,,,,,,,,,,,,,,,,,True,1,3.2730763000436127,1039.9993176995777,1043.5715357996523,1043.5877414997667,1049.8825622997247,1045.3033226998523,1049.3209274997935,1049.3209274997935,1049.8227729997598,1049.8825652999803,1049.8228056998923,1039.9993176995777,1049.8228056998923,9.823488000314683,False,
2026-01-20T14:36:47.214590,P20,A,3,12,A_MB03_T090,image,iso_com_02,iso_com,data/raw/stimuli/polygons/iso_com_02.json,A_Sketch_151,data/raw/stimuli/CAT2000/Sketch/151.jpg,Sketch,nan,1987,grid_33,2880,1620,32.63520862273857,19.80974465169186,4.0,0.5,10.0,1,2.0,157.04706105708198,,,1920.0,1080.0,0.0,0.0,,,,,,,,,,,,,,,,,,,,,,,,,True,1,1.1377982003614306,1049.883317699656,1051.3235358996317,1051.3374836998992,1056.8995715999044,1052.3209388996474,1056.337346599903,1056.337346599903,1056.839277499821,1056.8995748995803,1056.8393205995671,1049.883317699656,1056.8393205995671,6.956002899911255,False,
2026-01-20T14:36:53.765098,P20,A,3,13,A_MB03_T091,image,iso_com_02,iso_com,data/raw/stimuli/polygons/iso_com_02.json,A_OutdoorNatural_135,data/raw/stimuli/CAT2000/OutdoorNatural/135.jpg,OutdoorNatural,nan,1987,grid_11,960,540,12.049751363346202,6.846807837997614,4.0,0.5,10.0,1,2.0,157.04706105708198,,,1920.0,1080.0,0.0,0.0,,,,,,,,,,,,,,,,,,,,,,,,,True,1,0.20027260016649961,1056.9003330999985,1057.4035355998203,1057.4206966999918,1063.4495590999722,1058.8695325995795,1062.887143299915,1062.887143299915,1063.3889905000106,1063.4495617998764,1063.3890278995968,1056.9003330999985,1063.3890278995968,6.488694799598306,False,
2026-01-20T14:37:03.462655,P20,A,3,14,A_MB03_T092,image,iso_com_01,iso_com,data/raw/stimuli/polygons/iso_com_01.json,A_Fractal_113,data/raw/stimuli/CAT2000/Fractal/113.jpg,Fractal,nan,1987,grid_12,1920,540,23.119020643887126,6.846807837997614,4.0,0.5,10.0,1,2.0,157.04706105708198,,,1920.0,1080.0,0.0,0.0,,,,,,,,,,,,,,,,,,,,,,,,,True,1,3.3209565998986363,1063.4502132995985,1067.0895360996947,1067.1036127000116,1073.1475583999418,1068.5694217998534,1072.586819499731,1072.586819499731,1073.0885800998658,1073.147561099846,1073.0886167995632,1063.4502132995985,1073.0886167995632,9.638403499964625,False,
2026-01-20T14:37:10.863732,P20,A,3,15,A_MB03_T093,image,pair_C3_01,pair_C3_icc_vs_chc_bbc,data/raw/stimuli/polygons/pair_com_icc_vs_chc_bbc_01.json,A_Object_113,data/raw/stimuli/CAT2000/Object/113.jpg,Object,nan,1987,grid_13,2880,540,32.63520862273857,6.846807837997614,4.0,0.5,10.0,1,2.0,157.04706105708198,,,1920.0,1080.0,0.0,0.0,,,,,,,,,,,,,,,,,,,,,,,,,True,1,1.1377190998755395,1073.1482310998254,1074.5895374999382,1074.6034300997853,1080.5485585997812,1075.9691657996736,1079.9866245999,1079.9866245999,1080.488538599573,1080.5485613998026,1080.4885689998046,1073.1482310998254,1080.4885689998046,7.340337899979204,False,
2026-01-20T14:37:16.080577,P20,A,3,16,A_MB03_T094,empty,allfar_concave_01,allfar_concave,data/raw/stimuli/polygons/allfar_concave.json,nan,nan,nan,nan,1987,grid_21,960,1080,12.049751363346202,13.503472356031734,4.0,0.5,10.0,1,2.0,157.04706105708198,,,1920.0,1080.0,0.0,0.0,,,,,,,,,,,,,,,,,,,,,,,,,True,1,0.2002199999988079,1080.5493021998554,1081.053535899613,1081.0699232998304,1085.7655582996085,1081.1867150999606,1085.2031072997488,1085.2031072997488,1085.7049587997608,1085.7655609999783,1085.7049916000105,1080.5493021998554,1085.7049916000105,5.155689400155097,False,
2026-01-20T14:37:23.512587,P20,A,3,17,A_MB03_T095,image,baseline_asym_01,baseline_asymmetric,data/raw/stimuli/polygons/baseline_asymmetric_consolidated.json,A_OutdoorNatural_067,data/raw/stimuli/CAT2000/OutdoorNatural/067.jpg,OutdoorNatural,nan,1987,grid_22,1920,1080,23.119020643887126,13.503472356031734,4.0,0.5,10.0,1,2.0,157.04706105708198,,,1920.0,1080.0,0.0,0.0,,,,,,,,,,,,,,,,,,,,,,,,,True,1,0.20028809970244765,1085.7662658998743,1086.2695365999825,1086.2863954999484,1093.197561999783,1088.6180629995652,1092.6361480997875,1092.6361480997875,1093.1376923997886,1093.197564999573,1093.1377298999578,1085.7662658998743,1093.1377298999578,7.371464000083506,False,
2026-01-20T14:37:29.794865,P20,A,3,18,A_MB03_T096,image,iso_com_01,iso_com,data/raw/stimuli/polygons/iso_com_01.json,A_Object_159,data/raw/stimuli/CAT2000/Object/159.jpg,Object,nan,1987,grid_23,2880,1080,32.63520862273857,13.503472356031734,4.0,0.5,10.0,1,2.0,157.04706105708198,,,1920.0,1080.0,0.0,0.0,,,,,,,,,,,,,,,,,,,,,,,,,True,1,0.20024360017850995,1093.198238699697,1093.7045360999182,1093.7194841997698,1099.4795570997521,1094.9023078996688,1098.9192738998681,1098.9192738998681,1099.420940999873,1099.4795597996563,1099.4209719998762,1093.198238699697,1099.4209719998762,6.222733300179243,False,
2026-01-20T14:37:36.329620,P20,A,3,19,A_MB03_T097,image,iso_chc_03,iso_chc,data/raw/stimuli/polygons/iso_chc_03.json,A_Fractal_193,data/raw/stimuli/CAT2000/Fractal/193.jpg,Fractal,nan,1987,grid_31,960,1620,12.049751363346202,19.80974465169186,4.0,0.5,10.0,1,2.0,157.04706105708198,,,1920.0,1080.0,0.0,0.0,,,,,,,,,,,,,,,,,,,,,,,,,True,1,0.20021949987858534,1099.4802023000084,1099.984535599593,1100.0026130997576,1106.014558499679,1101.4340788996778,1105.4523879997432,1105.4523879997432,1105.9541131998412,1106.014561199583,1105.9541465998627,1099.4802023000084,1105.9541465998627,6.473944299854338,False,
2026-01-20T14:37:42.830336,P20,A,3,20,A_MB03_T098,image,iso_com_02,iso_com,data/raw/stimuli/polygons/iso_com_02.json,A_Satelite_069,data/raw/stimuli/CAT2000/Satelite/069.jpg,Satelite,nan,1987,grid_32,1920,1620,23.119020643887126,19.80974465169186,4.0,0.5,10.0,1,2.0,157.04706105708198,,,1920.0,1080.0,0.0,0.0,,,,,,,,,,,,,,,,,,,,,,,,,True,1,0.20023970026522875,1106.0153065999039,1106.517536399886,1106.535729199648,1112.5145582999103,1107.934685499873,1111.9521970995702,1111.9521970995702,1112.4541190997697,1112.514561199583,1112.4541476997547,1106.0153065999039,1112.4541476997547,6.438841099850833,False,
2026-01-20T14:37:50.728356,P20,A,3,21,A_MB03_T099,image,pair_C2_01,pair_C2_chc_vs_bbc_icc,data/raw/stimuli/polygons/pair_com_chc_vs_bbc_icc_01.json,A_Fractal_079,data/raw/stimuli/CAT2000/Fractal/079.jpg,Fractal,nan,1987,grid_33,2880,1620,32.63520862273857,19.80974465169186,4.0,0.5,10.0,1,2.0,157.04706105708198,,,1920.0,1080.0,0.0,0.0,,,,,,,,,,,,,,,,,,,,,,,,,True,1,1.1723984000273049,1112.5152947995812,1113.9905353998765,1114.0020886999555,1120.4125559995882,1115.8347510998137,1119.851963199675,1119.851963199675,1120.3536131000146,1120.4125587996095,1120.3536421000026,1112.5152947995812,1120.3536421000026,7.838347300421447,False,
2026-01-20T14:38:01.012420,P20,A,3,22,A_MB03_T100,image,iso_com_02,iso_com,data/raw/stimuli/polygons/iso_com_02.json,A_OutdoorNatural_037,data/raw/stimuli/CAT2000/OutdoorNatural/037.jpg,OutdoorNatural,nan,1987,grid_11,960,540,12.049751363346202,6.846807837997614,4.0,0.5,10.0,1,2.0,157.04706105708198,,,1920.0,1080.0,0.0,0.0,,,,,,,,,,,,,,,,,,,,,,,,,True,1,4.005391799844801,1120.4132024999708,1124.7225369997323,1124.735098599922,1130.6965586999431,1126.1178513998166,1130.1349425995722,1130.1349425995722,1130.6368662999012,1130.696561599616,1130.6368983997963,1120.4132024999708,1130.6368983997963,10.223695899825543,False,
2026-01-20T14:38:08.478099,P20,A,3,23,A_MB03_T101,image,pair_C1_03,pair_C1_bbc_vs_chc_icc,data/raw/stimuli/polygons/pair_com_bbc_vs_chc_icc_03.json,A_Random_057,data/raw/stimuli/CAT2000/Random/057.jpg,Random,nan,1987,grid_12,1920,540,23.119020643887126,6.846807837997614,4.0,0.5,10.0,1,2.0,157.04706105708198,,,1920.0,1080.0,0.0,0.0,,,,,,,,,,,,,,,,,,,,,,,,,True,1,1.3034969000145793,1130.697310599964,1132.3045365000144,1132.3182071996853,1138.162558299955,1133.584264099598,1137.6013813000172,1137.6013813000172,1138.1033010999672,1138.1625611996278,1138.103331799619,1130.697310599964,1138.103331799619,7.406021199654788,False,
2026-01-20T14:38:16.844149,P20,A,3,24,A_MB03_T102,image,pair_C1_01,pair_C1_bbc_vs_chc_icc,data/raw/stimuli/polygons/pair_com_bbc_vs_chc_icc_01.json,A_Fractal_105,data/raw/stimuli/CAT2000/Fractal/105.jpg,Fractal,nan,1987,grid_13,2880,540,32.63520862273857,6.846807837997614,4.0,0.5,10.0,1,2.0,157.04706105708198,,,1920.0,1080.0,0.0,0.0,,,,,,,,,,,,,,,,,,,,,,,,,True,1,2.0538958003744483,1138.16331239976,1140.5225356998853,1140.534578599967,1146.5285564996302,1141.9496601996943,1145.9677427997813,1145.9677427997813,1146.4694117996842,1146.5285592,1146.4694391000085,1138.16331239976,1146.4694391000085,8.30612670024857,False,
2026-01-20T14:38:25.128165,P20,A,3,25,A_MB03_T103,image,baseline_asym_01,baseline_asymmetric,data/raw/stimuli/polygons/baseline_asymmetric_consolidated.json,A_Object_171,data/raw/stimuli/CAT2000/Object/171.jpg,Object,nan,1987,grid_21,960,1080,12.049751363346202,13.503472356031734,4.0,0.5,10.0,1,2.0,157.04706105708198,,,1920.0,1080.0,0.0,0.0,,,,,,,,,,,,,,,,,,,,,,,,,True,1,1.4209807999432087,1146.5291916998103,1148.2545365998521,1148.2676438996568,1154.8125634999014,1150.2325155995786,1154.2507837996818,1154.2507837996818,1154.7526702997275,1154.8125666999258,1154.7527068997733,1146.5291916998103,1154.7527068997733,8.223515199963003,False,
2026-01-20T14:38:33.011241,P20,A,3,26,A_MB03_T104,image,allfar_intermediate_01,allfar_intermediate,data/raw/stimuli/polygons/allfar_intermediate.json,A_Random_023,data/raw/stimuli/CAT2000/Random/023.jpg,Random,nan,1987,grid_22,1920,1080,23.119020643887126,13.503472356031734,4.0,0.5,10.0,1,2.0,157.04706105708198,,,1920.0,1080.0,0.0,0.0,,,,,,,,,,,,,,,,,,,,,,,,,True,1,1.2396686002612114,1154.813333099708,1156.3545365999453,1156.3673902996816,1162.6955577000044,1158.1157664000057,1162.1338255996816,1162.1338255996816,1162.635523099918,1162.6955603999086,1162.6355549995787,1154.813333099708,1162.6355549995787,7.822221899870783,False,
2026-01-20T14:38:39.395265,P20,A,3,27,A_MB03_T105,image,iso_com_03,iso_com,data/raw/stimuli/polygons/iso_com_03.json,A_Fractal_097,data/raw/stimuli/CAT2000/Fractal/097.jpg,Fractal,nan,1987,grid_23,2880,1080,32.63520862273857,13.503472356031734,4.0,0.5,10.0,1,2.0,157.04706105708198,,,1920.0,1080.0,0.0,0.0,,,,,,,,,,,,,,,,,,,,,,,,,True,1,0.2002750001847744,1162.6962150000036,1163.216535799671,1163.2338712997735,1169.0795620996505,1164.4993400997482,1168.5170302996412,1168.5170302996412,1169.01876919996,1169.0795650999062,1169.0188001999632,1162.6962150000036,1169.0188001999632,6.322585199959576,False,
2026-01-20T14:38:46.675601,P20,A,3,28,A_MB03_T106,image,iso_chc_02,iso_chc,data/raw/stimuli/polygons/iso_chc_02.json,A_Object_095,data/raw/stimuli/CAT2000/Object/095.jpg,Object,nan,1987,grid_31,960,1620,12.049751363346202,19.80974465169186,4.0,0.5,10.0,1,2.0,157.04706105708198,,,1920.0,1080.0,0.0,0.0,,,,,,,,,,,,,,,,,,,,,,,,,True,1,1.1535766003653407,1169.0803611995652,1170.5355366999283,1170.5502668996342,1176.3605582998134,1171.7829733998515,1175.8001081999391,1175.8001081999391,1176.3020005999133,1176.3605609997176,1176.302032099571,1169.0803611995652,1176.302032099571,7.221670900005847,False,
2026-01-20T14:38:53.593212,P20,A,3,29,A_MB03_T107,image,iso_icc_01,iso_icc,data/raw/stimuli/polygons/iso_icc_01.json,A_Fractal_017,data/raw/stimuli/CAT2000/Fractal/017.jpg,Fractal,nan,1987,grid_32,1920,1620,23.119020643887126,19.80974465169186,4.0,0.5,10.0,1,2.0,157.04706105708198,,,1920.0,1080.0,0.0,0.0,,,,,,,,,,,,,,,,,,,,,,,,,True,1,0.20026070019230247,1176.3612165995874,1176.8675364996307,1176.8834177996032,1183.2775589996018,1178.698640299961,1182.7165549998172,1182.7165549998172,1183.218423999846,1183.2775618997402,1183.2184576997533,1176.3612165995874,1183.2184576997533,6.857241100165993,False,
2026-01-20T14:39:04.859023,P20,A,3,30,A_MB03_T108,image,iso_bbc_03,iso_bbc,data/raw/stimuli/polygons/iso_bbc_03.json,A_Fractal_067,data/raw/stimuli/CAT2000/Fractal/067.jpg,Fractal,nan,1987,grid_33,2880,1620,32.63520862273857,19.80974465169186,4.0,0.5,10.0,1,2.0,157.04706105708198,,,1920.0,1080.0,0.0,0.0,,,,,,,,,,,,,,,,,,,,,,,,,True,1,5.038001900073141,1183.2783118998632,1188.6375369997695,1188.6496870997362,1194.543561999686,1189.96553019993,1193.9828168000095,1193.9828168000095,1194.4844622998498,1194.5435650995933,1194.4844930996187,1183.2783118998632,1194.4844930996187,11.20618119975552,False,
2026-01-20T14:39:11.909002,P20,A,3,31,A_MB03_T109,image,pair_C1_01,pair_C1_bbc_vs_chc_icc,data/raw/stimuli/polygons/pair_com_bbc_vs_chc_icc_01.json,A_Sketch_063,data/raw/stimuli/CAT2000/Sketch/063.jpg,Sketch,nan,1987,grid_11,960,540,12.049751363346202,6.846807837997614,4.0,0.5,10.0,1,2.0,157.04706105708198,,,1920.0,1080.0,0.0,0.0,,,,,,,,,,,,,,,,,,,,,,,,,True,1,1.0730675999075174,1194.544312399812,1195.9255372998305,1195.94943339983,1201.593557199929,1197.0164238996804,1201.0326405996457,1201.0326405996457,1201.5344145996496,1201.593559899833,1201.5344453998841,1194.544312399812,1201.5344453998841,6.990133000072092,False,
2026-01-20T14:39:18.193284,P20,A,3,32,A_MB03_T110,image,iso_com_02,iso_com,data/raw/stimuli/polygons/iso_com_02.json,A_Random_085,data/raw/stimuli/CAT2000/Random/085.jpg,Random,nan,1987,grid_12,1920,540,23.119020643887126,6.846807837997614,4.0,0.5,10.0,1,2.0,157.04706105708198,,,1920.0,1080.0,0.0,0.0,,,,,,,,,,,,,,,,,,,,,,,,,True,1,0.2002387996762991,1201.5942079997621,1202.1025356999598,1202.1159594999626,1207.8775577996857,1203.2986929998733,1207.3157883998938,1207.3157883998938,1207.8173789996654,1207.87756049959,1207.8174103000201,1201.5942079997621,1207.8174103000201,6.223202300257981,False,
2026-01-20T14:39:24.360187,P20,A,3,33,A_MB03_T111,image,baseline_sym_01,baseline_symmetric,data/raw/stimuli/polygons/baseline_symmetric_consolidated.json,A_Sketch_161,data/raw/stimuli/CAT2000/Sketch/161.jpg,Sketch,nan,1987,grid_13,2880,540,32.63520862273857,6.846807837997614,4.0,0.5,10.0,1,2.0,157.04706105708198,,,1920.0,1080.0,0.0,0.0,,,,,,,,,,,,,,,,,,,,,,,,,True,1,0.20021660020574927,1207.8782167998143,1208.3825357998721,1208.399066099897,1214.0445595998317,1209.4646218996495,1213.4821995999664,1213.4821995999664,1213.9842373998836,1214.0445624999702,1213.9842742998153,1207.8782167998143,1213.9842742998153,6.106057500001043,False,
2026-01-20T14:39:31.809307,P20,A,3,34,A_MB03_T112,image,iso_com_02,iso_com,data/raw/stimuli/polygons/iso_com_02.json,A_Fractal_145,data/raw/stimuli/CAT2000/Fractal/145.jpg,Fractal,nan,1987,grid_21,960,1080,12.049751363346202,13.503472356031734,4.0,0.5,10.0,1,2.0,157.04706105708198,,,1920.0,1080.0,0.0,0.0,,,,,,,,,,,,,,,,,,,,,,,,,True,1,1.255016699898988,1214.0453232997097,1215.6015366995707,1215.6154583999887,1221.493561399635,1216.914882299956,1220.9319374999031,1220.9319374999031,1221.4337597996928,1221.4935642997734,1221.4337937999517,1214.0453232997097,1221.4337937999517,7.388470500241965,False,
2026-01-20T14:39:38.208600,P20,A,3,35,A_MB03_T113,image,allfar_concave_01,allfar_concave,data/raw/stimuli/polygons/allfar_concave.json,A_Random_113,data/raw/stimuli/CAT2000/Random/113.jpg,Random,nan,1987,grid_22,1920,1080,23.119020643887126,13.503472356031734,4.0,0.5,10.0,1,2.0,157.04706105708198,,,1920.0,1080.0,0.0,0.0,,,,,,,,,,,,,,,,,,,,,,,,,True,1,0.2002465999685228,1221.4943287996575,1221.9985352000222,1222.0152994999662,1227.8935646996833,1223.3152710995637,1227.3317382996902,1227.3317382996902,1227.8333866000175,1227.8935679998249,1227.8334204996936,1221.4943287996575,1227.8334204996936,6.339091700036079,False,
2026-01-20T14:39:44.410007,P20,A,3,36,A_MB03_T114,image,iso_icc_02,iso_icc,data/raw/stimuli/polygons/iso_icc_02.json,A_Sketch_153,data/raw/stimuli/CAT2000/Sketch/153.jpg,Sketch,nan,1987,grid_23,2880,1080,32.63520862273857,13.503472356031734,4.0,0.5,10.0,1,2.0,157.04706105708198,,,1920.0,1080.0,0.0,0.0,,,,,,,,,,,,,,,,,,,,,,,,,True,1,0.20025649992749095,1227.8942277999595,1228.3975352998823,1228.4150777999312,1234.0945577998646,1229.5137148997746,1233.5315321995877,1233.5315321995877,1234.0333817997016,1234.0945604997687,1234.0334179997444,1227.8942277999595,1234.0334179997444,6.1391901997849345,False,
2026-01-20T14:39:51.790695,P20,A,3,37,A_MB03_T115,image,pair_C3_03,pair_C3_icc_vs_chc_bbc,data/raw/stimuli/polygons/pair_com_icc_vs_chc_bbc_03.json,A_Satelite_089,data/raw/stimuli/CAT2000/Satelite/089.jpg,Satelite,nan,1987,grid_31,960,1620,12.049751363346202,19.80974465169186,4.0,0.5,10.0,1,2.0,157.04706105708198,,,1920.0,1080.0,0.0,0.0,,,,,,,,,,,,,,,,,,,,,,,,,True,1,1.3894035001285374,1234.0952188000083,1235.79253649991,1235.814785799943,1241.4755582995713,1236.8981215995736,1240.9146289997734,1240.9146289997734,1241.416598699987,1241.4755610995926,1241.4166298997588,1234.0952188000083,1241.4166298997588,7.321411099750549,False,
2026-01-20T14:39:59.791605,P20,A,3,38,A_MB03_T116,image,baseline_asym_01,baseline_asymmetric,data/raw/stimuli/polygons/baseline_asymmetric_consolidated.json,A_Fractal_147,data/raw/stimuli/CAT2000/Fractal/147.jpg,Fractal,nan,1987,grid_32,1920,1620,23.119020643887126,19.80974465169186,4.0,0.5,10.0,1,2.0,157.04706105708198,,,1920.0,1080.0,0.0,0.0,,,,,,,,,,,,,,,,,,,,,,,,,True,1,0.9708722000941634,1241.4763469998725,1242.7505365000106,1242.7645674999803,1249.4765596999787,1244.8961082999595,1248.9143655998632,1248.9143655998632,1249.4162519997917,1249.4765625996515,1249.4162828000262,1241.4763469998725,1249.4162828000262,7.939935800153762,False,
2026-01-20T14:40:07.108232,P20,A,3,39,A_MB03_T117,image,iso_chc_03,iso_chc,data/raw/stimuli/polygons/iso_chc_03.json,A_Fractal_065,data/raw/stimuli/CAT2000/Fractal/065.jpg,Fractal,nan,1987,grid_33,2880,1620,32.63520862273857,19.80974465169186,4.0,0.5,10.0,1,2.0,157.04706105708198,,,1920.0,1080.0,0.0,0.0,,,,,,,,,,,,,,,,,,,,,,,,,True,1,0.9736108998768032,1249.4773401999846,1250.749536999967,1250.7642879998311,1256.7925568995997,1252.212667599786,1256.2308052997105,1256.2308052997105,1256.7326019997708,1256.7925595999695,1256.7326324996538,1249.4773401999846,1256.7326324996538,7.255292299669236,False,
2026-01-20T14:41:28.953820,P20,A,4,1,A_MB04_T118,image,baseline_rect_01,baseline_rectangle,data/raw/stimuli/polygons/baseline_rectangle.json,A_Random_025,data/raw/stimuli/CAT2000/Random/025.jpg,Random,nan,1987,grid_11,960,540,12.049751363346202,6.846807837997614,4.0,0.5,10.0,1,2.0,157.04706105708198,,,1920.0,1080.0,0.0,0.0,,,,,,,,,,,,,,,,,,,,,,,,,True,1,2.1866550003178418,1328.6141804996878,1331.1155362999998,1331.1283195000142,1338.6385677997023,1334.0602492997423,1338.0781070999801,1338.0781070999801,1338.5799865997396,1338.6385710998438,1338.5800177999772,1328.6141804996878,1338.5800177999772,9.965837300289422,False,
2026-01-20T14:41:35.220559,P20,A,4,2,A_MB04_T119,image,allfar_convex_01,allfar_convex,data/raw/stimuli/polygons/allfar_convex.json,A_Satelite_071,data/raw/stimuli/CAT2000/Satelite/071.jpg,Satelite,nan,1987,grid_12,1920,540,23.119020643887126,6.846807837997614,4.0,0.5,10.0,1,2.0,157.04706105708198,,,1920.0,1080.0,0.0,0.0,,,,,,,,,,,,,,,,,,,,,,,,,True,1,0.20026730000972748,1338.639325299766,1339.1455357996747,1339.1614130996168,1344.9055585996248,1340.3279676996171,1344.3445809995756,1344.3445809995756,1344.8464481998235,1344.905561399646,1344.846484199632,1338.639325299766,1344.846484199632,6.2071588998660445,False,
2026-01-20T14:41:43.789677,P20,A,4,3,A_MB04_T120,image,iso_chc_03,iso_chc,data/raw/stimuli/polygons/iso_chc_03.json,A_Random_019,data/raw/stimuli/CAT2000/Random/019.jpg,Random,nan,1987,grid_13,2880,540,32.63520862273857,6.846807837997614,4.0,0.5,10.0,1,2.0,157.04706105708198,,,1920.0,1080.0,0.0,0.0,,,,,,,,,,,,,,,,,,,,,,,,,True,1,2.4217523001134396,1344.906322799623,1347.6335361995734,1347.6444513997994,1353.4745577997528,1348.8931115996093,1352.910951799713,1352.910951799713,1353.4129560999572,1353.4745605997741,1353.4129851995967,1344.906322799623,1353.4129851995967,8.50666239997372,False,
2026-01-20T14:41:51.005067,P20,A,4,4,A_MB04_T121,image,iso_bbc_03,iso_bbc,data/raw/stimuli/polygons/iso_bbc_03.json,A_Object_073,data/raw/stimuli/CAT2000/Object/073.jpg,Object,nan,1987,grid_21,960,1080,12.049751363346202,13.503472356031734,4.0,0.5,10.0,1,2.0,157.04706105708198,,,1920.0,1080.0,0.0,0.0,,,,,,,,,,,,,,,,,,,,,,,,,True,1,1.1055098003707826,1353.4753059996292,1354.8815374998376,1354.8941985997371,1360.6895641996525,1356.110474199988,1360.1273797997274,1360.1273797997274,1360.6291833999567,1360.6895673000254,1360.6292193997651,1353.4753059996292,1360.6292193997651,7.153913400135934,False,
2026-01-20T14:41:58.588170,P20,A,4,5,A_MB04_T122,image,pair_C3_02,pair_C3_icc_vs_chc_bbc,data/raw/stimuli/polygons/pair_com_icc_vs_chc_bbc_02.json,A_Fractal_093,data/raw/stimuli/CAT2000/Fractal/093.jpg,Fractal,nan,1987,grid_22,1920,1080,23.119020643887126,13.503472356031734,4.0,0.5,10.0,1,2.0,157.04706105708198,,,1920.0,1080.0,0.0,0.0,,,,,,,,,,,,,,,,,,,,,,,,,True,1,1.0559014002792537,1360.6902194996364,1362.049537899904,1362.0606375997886,1368.2725585997105,1363.6929464996792,1367.710499199573,1367.710499199573,1368.2123365998268,1368.272561499849,1368.2123710997403,1360.6902194996364,1368.2123710997403,7.522151600103825,False,
2026-01-20T14:42:05.869561,P20,A,4,6,A_MB04_T123,image,allfar_intermediate_01,allfar_intermediate,data/raw/stimuli/polygons/allfar_intermediate.json,A_Satelite_117,data/raw/stimuli/CAT2000/Satelite/117.jpg,Satelite,nan,1987,grid_23,2880,1080,32.63520862273857,13.503472356031734,4.0,0.5,10.0,1,2.0,157.04706105708198,,,1920.0,1080.0,0.0,0.0,,,,,,,,,,,,,,,,,,,,,,,,,True,1,0.9216689998283982,1368.273317199666,1369.4965358995833,1369.510429199785,1375.5545596997254,1370.9759978000075,1374.9935805997811,1374.9935805997811,1375.4952277997509,1375.5545625998639,1375.4952611997724,1368.273317199666,1375.4952611997724,7.221944000106305,False,
2026-01-20T14:42:14.537397,P20,A,4,7,A_MB04_T124,image,pair_C2_01,pair_C2_chc_vs_bbc_icc,data/raw/stimuli/polygons/pair_com_chc_vs_bbc_icc_01.json,A_Object_033,data/raw/stimuli/CAT2000/Object/033.jpg,Object,nan,1987,grid_31,960,1620,12.049751363346202,19.80974465169186,4.0,0.5,10.0,1,2.0,157.04706105708198,,,1920.0,1080.0,0.0,0.0,,,,,,,,,,,,,,,,,,,,,,,,,True,1,2.472805800382048,1375.5553112998605,1378.3305364996195,1378.343447999563,1384.221559799742,1379.642712699715,1383.6599019998685,1383.6599019998685,1384.1615510997362,1384.2215625997633,1384.1615813998505,1375.5553112998605,1384.1615813998505,8.60627009999007,False,
2026-01-20T14:42:23.254039,P20,A,4,8,A_MB04_T125,empty,baseline_sym_01,baseline_symmetric,data/raw/stimuli/polygons/baseline_symmetric_consolidated.json,nan,nan,nan,nan,1987,grid_32,1920,1620,23.119020643887126,19.80974465169186,4.0,0.5,10.0,1,2.0,157.04706105708198,,,1920.0,1080.0,0.0,0.0,,,,,,,,,,,,,,,,,,,,,,,,,True,1,3.7054134998470545,1384.2222091997974,1388.2285361997783,1388.2431211997755,1392.9385608998127,1388.359907399863,1392.3763541998342,1392.3763541998342,1392.8782378998585,1392.93856399972,1392.8782752999105,1384.2222091997974,1392.8782752999105,8.656066100113094,False,
2026-01-20T14:42:30.769979,P20,A,4,9,A_MB04_T126,image,iso_chc_02,iso_chc,data/raw/stimuli/polygons/iso_chc_02.json,A_Fractal_061,data/raw/stimuli/CAT2000/Fractal/061.jpg,Fractal,nan,1987,grid_33,2880,1620,32.63520862273857,19.80974465169186,4.0,0.5,10.0,1,2.0,157.04706105708198,,,1920.0,1080.0,0.0,0.0,,,,,,,,,,,,,,,,,,,,,,,,,True,1,1.2555148000828922,1392.9391850000247,1394.5185421998613,1394.542948700022,1400.4545586998574,1395.8753901999444,1399.8928026999347,1399.8928026999347,1400.3948315996677,1400.454561599996,1400.3948629000224,1392.9391850000247,1400.3948629000224,7.455677899997681,False,
2026-01-20T14:42:36.985543,P20,A,4,10,A_MB04_T127,image,iso_icc_02,iso_icc,data/raw/stimuli/polygons/iso_icc_02.json,A_Object_047,data/raw/stimuli/CAT2000/Object/047.jpg,Object,nan,1987,grid_11,960,540,12.049751363346202,6.846807837997614,4.0,0.5,10.0,1,2.0,157.04706105708198,,,1920.0,1080.0,0.0,0.0,,,,,,,,,,,,,,,,,,,,,,,,,True,1,0.20024310005828738,1400.4553074999712,1400.9585353997536,1400.9760954999365,1406.670558499638,1402.0918266000226,1406.1092685996555,1406.1092685996555,1406.6111410995945,1406.6705612996593,1406.6111719999462,1400.4553074999712,1406.6111719999462,6.155864499974996,False,
2026-01-20T14:42:44.235966,P20,A,4,11,A_MB04_T128,image,pair_C3_01,pair_C3_icc_vs_chc_bbc,data/raw/stimuli/polygons/pair_com_icc_vs_chc_bbc_01.json,A_OutdoorNatural_109,data/raw/stimuli/CAT2000/OutdoorNatural/109.jpg,OutdoorNatural,nan,1987,grid_12,1920,540,23.119020643887126,6.846807837997614,4.0,0.5,10.0,1,2.0,157.04706105708198,,,1920.0,1080.0,0.0,0.0,,,,,,,,,,,,,,,,,,,,,,,,,True,1,1.1730816001072526,1406.6713025998324,1408.1605391995981,1408.175796599593,1413.9205578998663,1409.3417513999157,1413.3589556999505,1413.3589556999505,1413.8608470996842,1413.9205608000048,1413.8608786999248,1406.6713025998324,1413.8608786999248,7.189576100092381,False,
2026-01-20T14:42:50.420325,P20,A,4,12,A_MB04_T129,image,pair_C1_02,pair_C1_bbc_vs_chc_icc,data/raw/stimuli/polygons/pair_com_bbc_vs_chc_icc_02.json,A_Sketch_099,data/raw/stimuli/CAT2000/Sketch/099.jpg,Sketch,nan,1987,grid_13,2880,540,32.63520862273857,6.846807837997614,4.0,0.5,10.0,1,2.0,157.04706105708198,,,1920.0,1080.0,0.0,0.0,,,,,,,,,,,,,,,,,,,,,,,,,True,1,0.20021469984203577,1413.9213120997883,1414.4265350997448,1414.442299499642,1420.1045611998998,1415.5259023997933,1419.54215249978,1419.54215249978,1420.0438733999617,1420.1045641996898,1420.0439025997184,1413.9213120997883,1420.0439025997184,6.122590499930084,False,
2026-01-20T14:42:58.017277,P20,A,4,13,A_MB04_T130,image,allfar_convex_01,allfar_convex,data/raw/stimuli/polygons/allfar_convex.json,A_OutdoorNatural_039,data/raw/stimuli/CAT2000/OutdoorNatural/039.jpg,OutdoorNatural,nan,1987,grid_21,960,1080,12.049751363346202,13.503472356031734,4.0,0.5,10.0,1,2.0,157.04706105708198,,,1920.0,1080.0,0.0,0.0,,,,,,,,,,,,,,,,,,,,,,,,,True,1,1.5222883000969887,1420.1053096000105,1421.9265385000035,1421.9421171997674,1427.7015621997416,1423.1247305995785,1427.1418488998897,1427.1418488998897,1427.643510399852,1427.7015652996488,1427.6435422999784,1420.1053096000105,1427.6435422999784,7.538232699967921,False,
2026-01-20T14:43:05.268080,P20,A,4,14,A_MB04_T131,image,iso_bbc_01,iso_bbc,data/raw/stimuli/polygons/iso_bbc_01.json,A_Random_091,data/raw/stimuli/CAT2000/Random/091.jpg,Random,nan,1987,grid_22,1920,1080,23.119020643887126,13.503472356031734,4.0,0.5,10.0,1,2.0,157.04706105708198,,,1920.0,1080.0,0.0,0.0,,,,,,,,,,,,,,,,,,,,,,,,,True,1,0.9877320001833141,1427.7023114999756,1428.9945355998352,1429.008442199789,1434.9525587996468,1430.3745088996366,1434.3916024998762,1434.3916024998762,1434.893589399755,1434.9525616997853,1434.8936266996898,1427.7023114999756,1434.8936266996898,7.191315199714154,False,
2026-01-20T14:43:13.502203,P20,A,4,15,A_MB04_T132,image,pair_C1_02,pair_C1_bbc_vs_chc_icc,data/raw/stimuli/polygons/pair_com_bbc_vs_chc_icc_02.json,A_Fractal_171,data/raw/stimuli/CAT2000/Fractal/171.jpg,Fractal,nan,1987,grid_23,2880,1080,32.63520862273857,13.503472356031734,4.0,0.5,10.0,1,2.0,157.04706105708198,,,1920.0,1080.0,0.0,0.0,,,,,,,,,,,,,,,,,,,,,,,,,True,1,1.8208000999875367,1434.953326500021,1437.078535999637,1437.0915124998428,1443.1865602997132,1438.6062568998896,1442.6247295998037,1442.6247295998037,1443.1263942997903,1443.1865631998517,1443.1264243000187,1434.953326500021,1443.1264243000187,8.173097799997777,False,
2026-01-20T14:43:21.884931,P20,A,4,16,A_MB04_T133,image,allfar_concave_01,allfar_concave,data/raw/stimuli/polygons/allfar_concave.json,A_Satelite_047,data/raw/stimuli/CAT2000/Satelite/047.jpg,Satelite,nan,1987,grid_31,960,1620,12.049751363346202,19.80974465169186,4.0,0.5,10.0,1,2.0,157.04706105708198,,,1920.0,1080.0,0.0,0.0,,,,,,,,,,,,,,,,,,,,,,,,,True,1,1.9728812999092042,1443.1873169997707,1445.4605357996188,1445.4745517997071,1451.5695589999668,1446.9896318996325,1451.007728499826,1451.007728499826,1451.5095767998137,1451.5695617999882,1451.5096090999432,1443.1873169997707,1451.5096090999432,8.32229210017249,False,
2026-01-20T14:43:31.151171,P20,A,4,17,A_MB04_T134,image,pair_C1_03,pair_C1_bbc_vs_chc_icc,data/raw/stimuli/polygons/pair_com_bbc_vs_chc_icc_03.json,A_Satelite_191,data/raw/stimuli/CAT2000/Satelite/191.jpg,Satelite,nan,1987,grid_32,1920,1620,23.119020643887126,19.80974465169186,4.0,0.5,10.0,1,2.0,157.04706105708198,,,1920.0,1080.0,0.0,0.0,,,,,,,,,,,,,,,,,,,,,,,,,True,1,2.8709172001108527,1451.5702029997483,1454.74453659961,1454.757584899664,1460.835556899663,1456.25583799975,1460.2741192998365,1460.2741192998365,1460.7760410998017,1460.8355595995672,1460.776072899811,1451.5702029997483,1460.776072899811,9.20586990006268,False,
2026-01-20T14:43:38.501407,P20,A,4,18,A_MB04_T135,image,pair_C2_02,pair_C2_chc_vs_bbc_icc,data/raw/stimuli/polygons/pair_com_chc_vs_bbc_icc_02.json,A_OutdoorNatural_193,data/raw/stimuli/CAT2000/OutdoorNatural/193.jpg,OutdoorNatural,nan,1987,grid_33,2880,1620,32.63520862273857,19.80974465169186,4.0,0.5,10.0,1,2.0,157.04706105708198,,,1920.0,1080.0,0.0,0.0,,,,,,,,,,,,,,,,,,,,,,,,,True,1,0.8556800000369549,1460.8361978996545,1461.9935360997915,1462.0073744999245,1468.1855578999966,1463.606090599671,1467.623978599906,1467.623978599906,1468.1256405999884,1468.1855605999008,1468.1256752996705,1460.8361978996545,1468.1256752996705,7.28947740001604,False,
2026-01-20T14:43:46.450178,P20,A,4,19,A_MB04_T136,image,pair_C2_03,pair_C2_chc_vs_bbc_icc,data/raw/stimuli/polygons/pair_com_chc_vs_bbc_icc_03.json,A_Fractal_121,data/raw/stimuli/CAT2000/Fractal/121.jpg,Fractal,nan,1987,grid_11,960,540,12.049751363346202,6.846807837997614,4.0,0.5,10.0,1,2.0,157.04706105708198,,,1920.0,1080.0,0.0,0.0,,,,,,,,,,,,,,,,,,,,,,,,,True,1,1.557396600022912,1468.1863054996356,1470.0435363999568,1470.057101199869,1476.1345584997907,1471.55570349982,1475.5736169000156,1475.5736169000156,1476.0752243995667,1476.134561299812,1476.075256199576,1468.1863054996356,1476.075256199576,7.888950699940324,False,
2026-01-20T14:43:56.150758,P20,A,4,20,A_MB04_T137,empty,iso_icc_03,iso_icc,data/raw/stimuli/polygons/iso_icc_03.json,nan,nan,nan,nan,1987,grid_12,1920,540,23.119020643887126,6.846807837997614,4.0,0.5,10.0,1,2.0,157.04706105708198,,,1920.0,1080.0,0.0,0.0,,,,,,,,,,,,,,,,,,,,,,,,,True,1,4.690341899637133,1476.1353094996884,1481.1275367997587,1481.1400675997138,1485.8355588000268,1481.2569025997072,1485.273306099698,1485.273306099698,1485.7750183995813,1485.8355616996996,1485.7750553996302,1476.1353094996884,1485.7750553996302,9.639745899941772,False,
2026-01-20T14:44:06.949380,P20,A,4,21,A_MB04_T138,image,pair_C3_02,pair_C3_icc_vs_chc_bbc,data/raw/stimuli/polygons/pair_com_icc_vs_chc_bbc_02.json,A_Fractal_199,data/raw/stimuli/CAT2000/Fractal/199.jpg,Fractal,nan,1987,grid_13,2880,540,32.63520862273857,6.846807837997614,4.0,0.5,10.0,1,2.0,157.04706105708198,,,1920.0,1080.0,0.0,0.0,,,,,,,,,,,,,,,,,,,,,,,,,True,1,4.255762299988419,1485.836267599836,1490.3915373999625,1490.4064203999005,1496.6335613997653,1492.0550041999668,1496.0728935999796,1496.0728935999796,1496.574637599755,1496.6335641997866,1496.5746700000018,1485.836267599836,1496.5746700000018,10.738402400165796,False,
2026-01-20T14:44:16.699858,P20,A,4,22,A_MB04_T139,image,baseline_asym_01,baseline_asymmetric,data/raw/stimuli/polygons/baseline_asymmetric_consolidated.json,A_Sketch_017,data/raw/stimuli/CAT2000/Sketch/017.jpg,Sketch,nan,1987,grid_21,960,1080,12.049751363346202,13.503472356031734,4.0,0.5,10.0,1,2.0,157.04706105708198,,,1920.0,1080.0,0.0,0.0,,,,,,,,,,,,,,,,,,,,,,,,,True,1,3.804435200057924,1496.63432740001,1500.7435366995633,1500.756092599593,1506.384570099879,1501.8063153997064,1505.8226346997544,1505.8226346997544,1506.324392599985,1506.3845730000176,1506.3244391996413,1496.63432740001,1506.3244391996413,9.690111799631268,False,
2026-01-20T14:44:27.064995,P20,A,4,23,A_MB04_T140,image,pair_C2_03,pair_C2_chc_vs_bbc_icc,data/raw/stimuli/polygons/pair_com_chc_vs_bbc_icc_03.json,A_Fractal_123,data/raw/stimuli/CAT2000/Fractal/123.jpg,Fractal,nan,1987,grid_22,1920,1080,23.119020643887126,13.503472356031734,4.0,0.5,10.0,1,2.0,157.04706105708198,,,1920.0,1080.0,0.0,0.0,,,,,,,,,,,,,,,,,,,,,,,,,True,1,3.9217624003067613,1506.3852235996164,1510.6095365998335,1510.6224405998364,1516.7495593996719,1512.171020299662,1516.1889108996838,1516.1889108996838,1516.6907163998112,1516.7495622998103,1516.6907513998449,1506.3852235996164,1516.6907513998449,10.305527800228447,False,
2026-01-20T14:44:35.065265,P20,A,4,24,A_MB04_T141,image,iso_chc_01,iso_chc,data/raw/stimuli/polygons/iso_chc_01.json,A_Random_043,data/raw/stimuli/CAT2000/Random/043.jpg,Random,nan,1987,grid_23,2880,1080,32.63520862273857,13.503472356031734,4.0,0.5,10.0,1,2.0,157.04706105708198,,,1920.0,1080.0,0.0,0.0,,,,,,,,,,,,,,,,,,,,,,,,,True,1,1.7887824000790715,1516.7503129998222,1518.8425415996462,1518.8556110998616,1524.749559799675,1520.1708205998875,1524.1886805999093,1524.1886805999093,1524.6905568996444,1524.7495626998134,1524.6905890996568,1516.7503129998222,1524.6905890996568,7.940276099834591,False,
2026-01-20T14:44:41.514539,P20,A,4,25,A_MB04_T142,image,allfar_concave_01,allfar_concave,data/raw/stimuli/polygons/allfar_concave.json,A_Random_139,data/raw/stimuli/CAT2000/Random/139.jpg,Random,nan,1987,grid_31,960,1620,12.049751363346202,19.80974465169186,4.0,0.5,10.0,1,2.0,157.04706105708198,,,1920.0,1080.0,0.0,0.0,,,,,,,,,,,,,,,,,,,,,,,,,True,1,0.20028210012242198,1524.7503166999668,1525.2565355999395,1525.2719929995947,1531.1995586999692,1526.620971799828,1530.6384629998356,1530.6384629998356,1531.140385299921,1531.1995614999905,1531.1404166999273,1524.7503166999668,1531.1404166999273,6.390099999960512,False,
2026-01-20T14:44:46.730607,P20,A,4,26,A_MB04_T143,empty,baseline_asym_01,baseline_asymmetric,data/raw/stimuli/polygons/baseline_asymmetric_consolidated.json,nan,nan,nan,nan,1987,grid_32,1920,1620,23.119020643887126,19.80974465169186,4.0,0.5,10.0,1,2.0,157.04706105708198,,,1920.0,1080.0,0.0,0.0,,,,,,,,,,,,,,,,,,,,,,,,,True,1,0.20027320040389895,1531.200311599765,1531.7065375000238,1531.7217538999394,1536.415559699759,1531.8385917996056,1535.855095599778,1535.855095599778,1536.356762399897,1536.4155625998974,1536.3567959996872,1531.200311599765,1536.3567959996872,5.156484399922192,False,
2026-01-20T14:44:54.815258,P20,A,4,27,A_MB04_T144,image,iso_chc_02,iso_chc,data/raw/stimuli/polygons/iso_chc_02.json,A_Fractal_043,data/raw/stimuli/CAT2000/Fractal/043.jpg,Fractal,nan,1987,grid_33,2880,1620,32.63520862273857,19.80974465169186,4.0,0.5,10.0,1,2.0,157.04706105708198,,,1920.0,1080.0,0.0,0.0,,,,,,,,,,,,,,,,,,,,,,,,,True,1,1.8574866000562906,1536.4162662997842,1538.5745350997895,1538.5882235998288,1544.49955829978,1539.920670799911,1543.9380103996955,1543.9380103996955,1544.4399031000212,1544.4995611999184,1544.439934599679,1536.4162662997842,1544.439934599679,8.02366829989478,False,
2026-01-20T14:45:00.997843,P20,A,4,28,A_MB04_T145,image,pair_C3_02,pair_C3_icc_vs_chc_bbc,data/raw/stimuli/polygons/pair_com_icc_vs_chc_bbc_02.json,A_Sketch_039,data/raw/stimuli/CAT2000/Sketch/039.jpg,Sketch,nan,1987,grid_11,960,540,12.049751363346202,6.846807837997614,4.0,0.5,10.0,1,2.0,157.04706105708198,,,1920.0,1080.0,0.0,0.0,,,,,,,,,,,,,,,,,,,,,,,,,True,1,0.20023610023781657,1544.5003042998724,1545.001535399817,1545.0213608997874,1550.6825584997423,1546.1042507998645,1550.1211214996874,1550.1211214996874,1550.623094199691,1550.6825612997636,1550.6231255996972,1544.5003042998724,1550.6231255996972,6.122821299824864,False,
2026-01-20T14:45:09.180583,P20,A,4,29,A_MB04_T146,image,iso_com_02,iso_com,data/raw/stimuli/polygons/iso_com_02.json,A_Random_029,data/raw/stimuli/CAT2000/Random/029.jpg,Random,nan,1987,grid_12,1920,540,23.119020643887126,6.846807837997614,4.0,0.5,10.0,1,2.0,157.04706105708198,,,1920.0,1080.0,0.0,0.0,,,,,,,,,,,,,,,,,,,,,,,,,True,1,1.9557097000069916,1550.6833070996217,1552.9405355998315,1552.9543727999553,1558.8655579998158,1554.2871694997884,1558.304200399667,1558.304200399667,1558.8058895999566,1558.86556069972,1558.805924499873,1550.6833070996217,1558.805924499873,8.122617400251329,False,
2026-01-20T14:45:24.964648,P20,A,4,30,A_MB04_T147,image,pair_C1_03,pair_C1_bbc_vs_chc_icc,data/raw/stimuli/polygons/pair_com_bbc_vs_chc_icc_03.json,A_Satelite_119,data/raw/stimuli/CAT2000/Satelite/119.jpg,Satelite,nan,1987,grid_13,2880,540,32.63520862273857,6.846807837997614,4.0,0.5,10.0,1,2.0,157.04706105708198,,,1920.0,1080.0,0.0,0.0,,,,,,,,,,,,,,,,,,,,,,,,,True,1,9.405512100085616,1558.866226399783,1568.5845371996984,1568.603891799692,1574.649558099918,1570.069089999888,1574.0870166998357,1574.0870166998357,1574.5888964999467,1574.6495608999394,1574.5889281998388,1558.866226399783,1574.5889281998388,15.722701800055802,False,
2026-01-20T14:45:32.947652,P20,A,4,31,A_MB04_T148,image,baseline_rect_01,baseline_rectangle,data/raw/stimuli/polygons/baseline_rectangle.json,A_Random_181,data/raw/stimuli/CAT2000/Random/181.jpg,Random,nan,1987,grid_21,960,1080,12.049751363346202,13.503472356031734,4.0,0.5,10.0,1,2.0,157.04706105708198,,,1920.0,1080.0,0.0,0.0,,,,,,,,,,,,,,,,,,,,,,,,,True,1,0.20024440018460155,1574.6502135996707,1575.1685351999477,1575.1870112996548,1582.6325586996973,1578.0523345996626,1582.0701034995727,1582.0701034995727,1582.5719152996317,1582.6325615998358,1582.5719456998631,1574.6502135996707,1582.5719456998631,7.921732100192457,False,
2026-01-20T14:45:39.280997,P20,A,4,32,A_MB04_T149,image,iso_bbc_02,iso_bbc,data/raw/stimuli/polygons/iso_bbc_02.json,A_Random_035,data/raw/stimuli/CAT2000/Random/035.jpg,Random,nan,1987,grid_22,1920,1080,23.119020643887126,13.503472356031734,4.0,0.5,10.0,1,2.0,157.04706105708198,,,1920.0,1080.0,0.0,0.0,,,,,,,,,,,,,,,,,,,,,,,,,True,1,0.2002457999624312,1582.633315899875,1583.1365353995934,1583.1534641999751,1588.965557700023,1584.3864293997176,1588.4032577998005,1588.4032577998005,1588.9049522997811,1588.9655603999272,1588.9049883997068,1582.633315899875,1588.9049883997068,6.271672499831766,False,
2026-01-20T14:45:47.031376,P20,A,4,33,A_MB04_T150,image,iso_chc_02,iso_chc,data/raw/stimuli/polygons/iso_chc_02.json,A_Object_189,data/raw/stimuli/CAT2000/Object/189.jpg,Object,nan,1987,grid_23,2880,1080,32.63520862273857,13.503472356031734,4.0,0.5,10.0,1,2.0,157.04706105708198,,,1920.0,1080.0,0.0,0.0,,,,,,,,,,,,,,,,,,,,,,,,,True,1,1.4870871999301016,1588.9662198997103,1590.757537999656,1590.7697647996247,1596.7155571999028,1592.1357893999666,1596.1529844999313,1596.1529844999313,1596.6547979000024,1596.715559899807,1596.6548290997744,1588.9662198997103,1596.6548290997744,7.688609200064093,False,
2026-01-20T14:45:56.913121,P20,A,4,34,A_MB04_T151,image,iso_bbc_02,iso_bbc,data/raw/stimuli/polygons/iso_bbc_02.json,A_Object_173,data/raw/stimuli/CAT2000/Object/173.jpg,Object,nan,1987,grid_31,960,1620,12.049751363346202,19.80974465169186,4.0,0.5,10.0,1,2.0,157.04706105708198,,,1920.0,1080.0,0.0,0.0,,,,,,,,,,,,,,,,,,,,,,,,,True,1,3.9034155001863837,1596.7162536997348,1600.923538599629,1600.9361497997306,1606.5975581998937,1602.0195621997118,1606.035956399981,1606.035956399981,1606.5377596998587,1606.597560999915,1606.5377937997691,1596.7162536997348,1606.5377937997691,9.821540100034326,False,
2026-01-20T14:46:03.297301,P20,A,4,35,A_MB04_T152,image,iso_chc_02,iso_chc,data/raw/stimuli/polygons/iso_chc_02.json,A_OutdoorNatural_103,data/raw/stimuli/CAT2000/OutdoorNatural/103.jpg,OutdoorNatural,nan,1987,grid_32,1920,1620,23.119020643887126,19.80974465169186,4.0,0.5,10.0,1,2.0,157.04706105708198,,,1920.0,1080.0,0.0,0.0,,,,,,,,,,,,,,,,,,,,,,,,,True,1,0.20024169981479645,1606.5983197996393,1607.1005359999835,1607.1193073997274,1612.9815579997376,1608.4017685996369,1612.4190838998184,1612.4190838998184,1612.9209004999138,1612.9815607997589,1612.9209353998303,1606.5983197996393,1612.9209353998303,6.322615600191057,False,
2026-01-20T14:46:09.496521,P20,A,4,36,A_MB04_T153,image,pair_C1_01,pair_C1_bbc_vs_chc_icc,data/raw/stimuli/polygons/pair_com_bbc_vs_chc_icc_01.json,A_Sketch_187,data/raw/stimuli/CAT2000/Sketch/187.jpg,Sketch,nan,1987,grid_33,2880,1620,32.63520862273857,19.80974465169186,4.0,0.5,10.0,1,2.0,157.04706105708198,,,1920.0,1080.0,0.0,0.0,,,,,,,,,,,,,,,,,,,,,,,,,True,1,0.20026580011472106,1612.9822358000092,1613.501535499934,1613.5191287999041,1619.181561099831,1614.6019566999748,1618.61889589997,1618.61889589997,1619.1206378997304,1619.1815641997382,1619.120670599863,1612.9822358000092,1619.120670599863,6.138434799853712,False,
2026-01-20T14:46:16.312244,P20,A,4,37,A_MB04_T154,image,pair_C2_01,pair_C2_chc_vs_bbc_icc,data/raw/stimuli/polygons/pair_com_chc_vs_bbc_icc_01.json,A_Random_175,data/raw/stimuli/CAT2000/Random/175.jpg,Random,nan,1987,grid_11,960,540,12.049751363346202,6.846807837997614,4.0,0.5,10.0,1,2.0,157.04706105708198,,,1920.0,1080.0,0.0,0.0,,,,,,,,,,,,,,,,,,,,,,,,,True,1,0.2002177000977099,1619.182312999852,1619.683535899967,1619.7022612998262,1625.9965650998056,1621.4177878997289,1625.4353324999101,1625.4353324999101,1625.93712819973,1625.99656829983,1625.9371667997912,1619.182312999852,1625.9371667997912,6.754853799939156,False,
2026-01-20T14:46:24.543510,P20,A,4,38,A_MB04_T155,image,iso_icc_03,iso_icc,data/raw/stimuli/polygons/iso_icc_03.json,A_OutdoorNatural_195,data/raw/stimuli/CAT2000/OutdoorNatural/195.jpg,OutdoorNatural,nan,1987,grid_12,1920,540,23.119020643887126,6.846807837997614,4.0,0.5,10.0,1,2.0,157.04706105708198,,,1920.0,1080.0,0.0,0.0,,,,,,,,,,,,,,,,,,,,,,,,,True,1,1.5058430000208318,1625.9972195997834,1627.8055373998359,1627.8185933995992,1634.2285592998378,1629.6505040000193,1633.6683910000138,1633.6683910000138,1634.1703305998817,1634.2285621999763,1634.1703625996597,1625.9972195997834,1634.1703625996597,8.17314299987629,False,
2026-01-20T14:46:32.463388,P20,A,4,39,A_MB04_T156,image,allfar_intermediate_01,allfar_intermediate,data/raw/stimuli/polygons/allfar_intermediate.json,A_Random_005,data/raw/stimuli/CAT2000/Random/005.jpg,Random,nan,1987,grid_13,2880,540,32.63520862273857,6.846807837997614,4.0,0.5,10.0,1,2.0,157.04706105708198,,,1920.0,1080.0,0.0,0.0,,,,,,,,,,,,,,,,,,,,,,,,,True,1,1.3059666003100574,1634.2293044999242,1635.837541299872,1635.8516853996553,1642.1475590998307,1637.5668472996913,1641.5848151999526,1641.5848151999526,1642.0866918996908,1642.1475617997348,1642.0867268997245,1634.2293044999242,1642.0867268997245,7.857422399800271,False,
2026-01-20T14:47:36.026007,P20,A,5,1,A_MB05_T157,image,baseline_rect_01,baseline_rectangle,data/raw/stimuli/polygons/baseline_rectangle.json,A_OutdoorNatural_021,data/raw/stimuli/CAT2000/OutdoorNatural/021.jpg,OutdoorNatural,nan,1987,grid_21,960,1080,12.049751363346202,13.503472356031734,4.0,0.5,10.0,1,2.0,157.04706105708198,,,1920.0,1080.0,0.0,0.0,,,,,,,,,,,,,,,,,,,,,,,,,True,1,0.2002208000048995,1697.318369299639,1697.8265368998982,1697.849673899822,1705.7105589997955,1701.1316148997284,1705.1493792999536,1705.1493792999536,1705.6513283997774,1705.7105616996996,1705.651358800009,1697.318369299639,1705.651358800009,8.332989500369877,False,
2026-01-20T14:47:42.943934,P20,A,5,2,A_MB05_T158,image,iso_icc_02,iso_icc,data/raw/stimuli/polygons/iso_icc_02.json,A_Random_157,data/raw/stimuli/CAT2000/Random/157.jpg,Random,nan,1987,grid_22,1920,1080,23.119020643887126,13.503472356031734,4.0,0.5,10.0,1,2.0,157.04706105708198,,,1920.0,1080.0,0.0,0.0,,,,,,,,,,,,,,,,,,,,,,,,,True,1,0.20030569983646274,1705.7113052997738,1706.2325400998816,1706.2494108998217,1712.6285584997386,1708.048380999826,1712.0658192997798,1712.0658192997798,1712.567664299626,1712.62856129976,1712.5676957997493,1705.7113052997738,1712.5676957997493,6.856390499975532,False,
2026-01-20T14:47:49.507955,P20,A,5,3,A_MB05_T159,image,pair_C1_03,pair_C1_bbc_vs_chc_icc,data/raw/stimuli/polygons/pair_com_bbc_vs_chc_icc_03.json,A_Fractal_047,data/raw/stimuli/CAT2000/Fractal/047.jpg,Fractal,nan,1987,grid_23,2880,1080,32.63520862273857,13.503472356031734,4.0,0.5,10.0,1,2.0,157.04706105708198,,,1920.0,1080.0,0.0,0.0,,,,,,,,,,,,,,,,,,,,,,,,,True,1,0.20025190012529492,1712.6292129997164,1713.1325354999863,1713.14919929998,1719.192557099741,1714.614501899574,1718.6322812996805,1718.6322812996805,1719.1338962996379,1719.192559799645,1719.1339292996563,1712.6292129997164,1719.1339292996563,6.504716299939901,False,
2026-01-20T14:47:56.307661,P20,A,5,4,A_MB05_T160,image,iso_icc_02,iso_icc,data/raw/stimuli/polygons/iso_icc_02.json,A_Satelite_163,data/raw/stimuli/CAT2000/Satelite/163.jpg,Satelite,nan,1987,grid_31,960,1620,12.049751363346202,19.80974465169186,4.0,0.5,10.0,1,2.0,157.04706105708198,,,1920.0,1080.0,0.0,0.0,,,,,,,,,,,,,,,,,,,,,,,,,True,1,0.20026860013604164,1719.1932088998146,1719.7145361998118,1719.7322942996398,1725.9925615997054,1721.4140920997597,1725.432089800015,1725.432089800015,1725.9336033998989,1725.9925646996126,1725.93363579968,1719.1932088998146,1725.93363579968,6.74042689986527,False,
2026-01-20T14:48:05.126680,P20,A,5,5,A_MB05_T161,image,iso_bbc_01,iso_bbc,data/raw/stimuli/polygons/iso_bbc_01.json,A_Object_193,data/raw/stimuli/CAT2000/Object/193.jpg,Object,nan,1987,grid_32,1920,1620,23.119020643887126,19.80974465169186,4.0,0.5,10.0,1,2.0,157.04706105708198,,,1920.0,1080.0,0.0,0.0,,,,,,,,,,,,,,,,,,,,,,,,,True,1,2.4888967000879347,1725.9932096996345,1728.7855369998142,1728.798624499701,1734.8115612999536,1730.2311104997061,1734.2484449995682,1734.2484449995682,1734.7503155996092,1734.811564099975,1734.750349899754,1725.9932096996345,1734.750349899754,8.757140200119466,False,
2026-01-20T14:48:11.657493,P20,A,5,6,A_MB05_T162,image,iso_bbc_01,iso_bbc,data/raw/stimuli/polygons/iso_bbc_01.json,A_Satelite_171,data/raw/stimuli/CAT2000/Satelite/171.jpg,Satelite,nan,1987,grid_33,2880,1620,32.63520862273857,19.80974465169186,4.0,0.5,10.0,1,2.0,157.04706105708198,,,1920.0,1080.0,0.0,0.0,,,,,,,,,,,,,,,,,,,,,,,,,True,1,0.20024060038849711,1734.8123147999868,1735.314535799902,1735.331818799954,1741.342558299657,1736.763872299809,1740.7815662999637,1740.7815662999637,1741.28345409967,1741.3425610996783,1741.2834850996733,1734.8123147999868,1741.2834850996733,6.4711702996864915,False,
2026-01-20T14:48:19.324239,P20,A,5,7,A_MB05_T163,image,pair_C3_03,pair_C3_icc_vs_chc_bbc,data/raw/stimuli/polygons/pair_com_icc_vs_chc_bbc_03.json,A_Object_153,data/raw/stimuli/CAT2000/Object/153.jpg,Object,nan,1987,grid_11,960,540,12.049751363346202,6.846807837997614,4.0,0.5,10.0,1,2.0,157.04706105708198,,,1920.0,1080.0,0.0,0.0,,,,,,,,,,,,,,,,,,,,,,,,,True,1,1.6541153998114169,1741.3433047998697,1743.3005372998305,1743.314817799721,1749.0085588996299,1744.4307811995968,1748.447989099659,1748.447989099659,1748.949659699574,1749.0085617997684,1748.9496937999502,1741.3433047998697,1748.9496937999502,7.606389000080526,False,
2026-01-20T14:48:26.239862,P20,A,5,8,A_MB05_T164,image,pair_C2_01,pair_C2_chc_vs_bbc_icc,data/raw/stimuli/polygons/pair_com_chc_vs_bbc_icc_01.json,A_OutdoorNatural_107,data/raw/stimuli/CAT2000/OutdoorNatural/107.jpg,OutdoorNatural,nan,1987,grid_12,1920,540,23.119020643887126,6.846807837997614,4.0,0.5,10.0,1,2.0,157.04706105708198,,,1920.0,1080.0,0.0,0.0,,,,,,,,,,,,,,,,,,,,,,,,,True,1,0.200292999856174,1749.0093210996129,1749.5145354997367,1749.5313167995773,1755.924557399936,1751.3467255998403,1755.364419199992,1755.364419199992,1755.8659319998696,1755.924559999723,1755.8659659996629,1749.0093210996129,1755.8659659996629,6.856644900050014,False,
2026-01-20T14:48:33.657936,P20,A,5,9,A_MB05_T165,empty,allfar_intermediate_01,allfar_intermediate,data/raw/stimuli/polygons/allfar_intermediate.json,nan,nan,nan,nan,1987,grid_13,2880,540,32.63520862273857,6.846807837997614,4.0,0.5,10.0,1,2.0,157.04706105708198,,,1920.0,1080.0,0.0,0.0,,,,,,,,,,,,,,,,,,,,,,,,,True,1,2.389240900054574,1755.9252215996385,1758.6255377996713,1758.6476182998158,1763.342558299657,1758.7645175997168,1762.7808622997254,1762.7808622997254,1763.282765599899,1763.3425610996783,1763.2828011997044,1755.9252215996385,1763.2828011997044,7.357579600065947,False,
2026-01-20T14:48:42.057418,P20,A,5,10,A_MB05_T166,image,pair_C1_03,pair_C1_bbc_vs_chc_icc,data/raw/stimuli/polygons/pair_com_bbc_vs_chc_icc_03.json,A_Object_147,data/raw/stimuli/CAT2000/Object/147.jpg,Object,nan,1987,grid_21,960,1080,12.049751363346202,13.503472356031734,4.0,0.5,10.0,1,2.0,157.04706105708198,,,1920.0,1080.0,0.0,0.0,,,,,,,,,,,,,,,,,,,,,,,,,True,1,2.223014799878001,1763.3432657998055,1765.8675382998772,1765.8807492996566,1771.74158289982,1767.1628655996174,1771.1806056997739,1771.1806056997739,1771.6825209995732,1771.7415857999586,1771.6825505997986,1763.3432657998055,1771.6825505997986,8.339284799993038,False,
2026-01-20T14:48:48.291168,P20,A,5,11,A_MB05_T167,image,pair_C3_01,pair_C3_icc_vs_chc_bbc,data/raw/stimuli/polygons/pair_com_icc_vs_chc_bbc_01.json,A_Object_043,data/raw/stimuli/CAT2000/Object/043.jpg,Object,nan,1987,grid_22,1920,1080,23.119020643887126,13.503472356031734,4.0,0.5,10.0,1,2.0,157.04706105708198,,,1920.0,1080.0,0.0,0.0,,,,,,,,,,,,,,,,,,,,,,,,,True,1,0.20023469999432564,1771.7423482998274,1772.263535699807,1772.2805734998547,1777.975563999731,1773.3965303995647,1777.4136552996933,1777.4136552996933,1777.9153320998885,1777.9755671997555,1777.9153644996695,1771.7423482998274,1777.9153644996695,6.173016199842095,False,
2026-01-20T14:48:55.275648,P20,A,5,12,A_MB05_T168,image,iso_com_02,iso_com,data/raw/stimuli/polygons/iso_com_02.json,A_Sketch_127,data/raw/stimuli/CAT2000/Sketch/127.jpg,Sketch,nan,1987,grid_23,2880,1080,32.63520862273857,13.503472356031734,4.0,0.5,10.0,1,2.0,157.04706105708198,,,1920.0,1080.0,0.0,0.0,,,,,,,,,,,,,,,,,,,,,,,,,True,1,1.1052377000451088,1777.9762205998413,1779.3855364997871,1779.3969669998623,1784.9605588000268,1780.3803991996683,1784.396762599703,1784.396762599703,1784.8986486997455,1784.9605615995824,1784.8986802999862,1777.9762205998413,1784.8986802999862,6.922459700144827,False,
2026-01-20T14:49:01.842202,P20,A,5,13,A_MB05_T169,image,allfar_concave_01,allfar_concave,data/raw/stimuli/polygons/allfar_concave.json,A_Fractal_085,data/raw/stimuli/CAT2000/Fractal/085.jpg,Fractal,nan,1987,grid_31,960,1620,12.049751363346202,19.80974465169186,4.0,0.5,10.0,1,2.0,157.04706105708198,,,1920.0,1080.0,0.0,0.0,,,,,,,,,,,,,,,,,,,,,,,,,True,1,0.20023700036108494,1784.9613132998347,1785.463535099756,1785.4801750998013,1791.5265581998974,1786.9454171997495,1790.9632170000114,1790.9632170000114,1791.465067999903,1791.5265609999187,1791.4650979000144,1784.9613132998347,1791.4650979000144,6.503784600179642,False,
2026-01-20T14:49:09.322727,P20,A,5,14,A_MB05_T170,image,baseline_asym_01,baseline_asymmetric,data/raw/stimuli/polygons/baseline_asymmetric_consolidated.json,A_Fractal_021,data/raw/stimuli/CAT2000/Fractal/021.jpg,Fractal,nan,1987,grid_32,1920,1620,23.119020643887126,19.80974465169186,4.0,0.5,10.0,1,2.0,157.04706105708198,,,1920.0,1080.0,0.0,0.0,,,,,,,,,,,,,,,,,,,,,,,,,True,1,0.2002387000247836,1791.527306899894,1792.0295367999934,1792.0465656998567,1799.0075590997003,1794.4281555996276,1798.4463231996633,1798.4463231996633,1798.9480252997018,1799.0075618997216,1798.9480580999516,1791.527306899894,1798.9480580999516,7.420751200057566,False,
2026-01-20T14:49:16.157452,P20,A,5,15,A_MB05_T171,image,pair_C2_02,pair_C2_chc_vs_bbc_icc,data/raw/stimuli/polygons/pair_com_chc_vs_bbc_icc_02.json,A_Satelite_147,data/raw/stimuli/CAT2000/Satelite/147.jpg,Satelite,nan,1987,grid_33,2880,1620,32.63520862273857,19.80974465169186,4.0,0.5,10.0,1,2.0,157.04706105708198,,,1920.0,1080.0,0.0,0.0,,,,,,,,,,,,,,,,,,,,,,,,,True,1,0.20024529984220862,1799.00830519991,1799.5145357996225,1799.529681999702,1805.8415587996133,1801.2618792997673,1805.279439699836,1805.279439699836,1805.781311699655,1805.8415615996346,1805.7813404998742,1799.00830519991,1805.7813404998742,6.773035299964249,False,
2026-01-20T14:49:22.639860,P20,A,5,16,A_MB05_T172,image,iso_chc_02,iso_chc,data/raw/stimuli/polygons/iso_chc_02.json,A_Satelite_107,data/raw/stimuli/CAT2000/Satelite/107.jpg,Satelite,nan,1987,grid_11,960,540,12.049751363346202,6.846807837997614,4.0,0.5,10.0,1,2.0,157.04706105708198,,,1920.0,1080.0,0.0,0.0,,,,,,,,,,,,,,,,,,,,,,,,,True,1,0.20023710001260042,1805.8423054995947,1806.3455352997407,1806.3627610998228,1812.324559299741,1807.7451035999693,1811.762567800004,1811.762567800004,1812.2645914996974,1812.3245620997623,1812.2646285998635,1805.8423054995947,1812.2646285998635,6.422323100268841,False,
2026-01-20T14:49:29.924348,P20,A,5,17,A_MB05_T173,image,allfar_convex_01,allfar_convex,data/raw/stimuli/polygons/allfar_convex.json,A_Satelite_155,data/raw/stimuli/CAT2000/Satelite/155.jpg,Satelite,nan,1987,grid_12,1920,540,23.119020643887126,6.846807837997614,4.0,0.5,10.0,1,2.0,157.04706105708198,,,1920.0,1080.0,0.0,0.0,,,,,,,,,,,,,,,,,,,,,,,,,True,1,1.1874416996724904,1812.3253270997666,1813.8155355998315,1813.829123399686,1819.60857069958,1815.0287786996923,1819.0456546000205,1819.0456546000205,1819.547353099566,1819.6085732998326,1819.5473854998127,1812.3253270997666,1819.5473854998127,7.22205840004608,False,
2026-01-20T14:49:36.673446,P20,A,5,18,A_MB05_T174,image,iso_icc_02,iso_icc,data/raw/stimuli/polygons/iso_icc_02.json,A_OutdoorNatural_159,data/raw/stimuli/CAT2000/OutdoorNatural/159.jpg,OutdoorNatural,nan,1987,grid_13,2880,540,32.63520862273857,6.846807837997614,4.0,0.5,10.0,1,2.0,157.04706105708198,,,1920.0,1080.0,0.0,0.0,,,,,,,,,,,,,,,,,,,,,,,,,True,1,0.2002602000720799,1819.6092200996354,1820.1125354999676,1820.1289553996176,1826.3575586997904,1821.777193499729,1825.7954086996615,1825.7954086996615,1826.297242099885,1826.3575614998117,1826.2972752000205,1819.6092200996354,1826.2972752000205,6.6880551003851,False,
2026-01-20T14:49:42.605976,P20,A,5,19,A_MB05_T175,empty,pair_C3_03,pair_C3_icc_vs_chc_bbc,data/raw/stimuli/polygons/pair_com_icc_vs_chc_bbc_03.json,nan,nan,nan,nan,1987,grid_21,960,1080,12.049751363346202,13.503472356031734,4.0,0.5,10.0,1,2.0,157.04706105708198,,,1920.0,1080.0,0.0,0.0,,,,,,,,,,,,,,,,,,,,,,,,,True,1,0.9216505000367761,1826.3582053999417,1827.5795360999182,1827.5953380996361,1832.2905575996265,1827.7121863998473,1831.7285706996918,1831.7285706996918,1832.2301768995821,1832.2905602999963,1832.2302113999613,1826.3582053999417,1832.2302113999613,5.87200600001961,False,
2026-01-20T14:49:48.688476,P20,A,5,20,A_MB05_T176,image,iso_com_01,iso_com,data/raw/stimuli/polygons/iso_com_01.json,A_Sketch_067,data/raw/stimuli/CAT2000/Sketch/067.jpg,Sketch,nan,1987,grid_22,1920,1080,23.119020643887126,13.503472356031734,4.0,0.5,10.0,1,2.0,157.04706105708198,,,1920.0,1080.0,0.0,0.0,,,,,,,,,,,,,,,,,,,,,,,,,True,1,0.20024099992588162,1832.291166999843,1832.792535400018,1832.8118904000148,1838.3735603997484,1833.795903899707,1837.8117267997004,1837.8117267997004,1838.3135940995999,1838.3735632998869,1838.313625099603,1832.291166999843,1838.313625099603,6.022458099760115,False,
2026-01-20T14:49:55.487656,P20,A,5,21,A_MB05_T177,image,pair_C3_02,pair_C3_icc_vs_chc_bbc,data/raw/stimuli/polygons/pair_com_icc_vs_chc_bbc_02.json,A_Satelite_049,data/raw/stimuli/CAT2000/Satelite/049.jpg,Satelite,nan,1987,grid_23,2880,1080,32.63520862273857,13.503472356031734,4.0,0.5,10.0,1,2.0,157.04706105708198,,,1920.0,1080.0,0.0,0.0,,,,,,,,,,,,,,,,,,,,,,,,,True,1,0.2006244002841413,1838.3742045997642,1838.8775353999808,1838.89504809957,1845.172560799867,1840.5939010996372,1844.6114597995766,1844.6114597995766,1845.1133636999875,1845.172563899774,1845.1133961998858,1838.3742045997642,1845.1133961998858,6.739191600121558,False,
2026-01-20T14:50:03.787964,P20,A,5,22,A_MB05_T178,image,pair_C1_01,pair_C1_bbc_vs_chc_icc,data/raw/stimuli/polygons/pair_com_bbc_vs_chc_icc_01.json,A_Random_147,data/raw/stimuli/CAT2000/Random/147.jpg,Random,nan,1987,grid_31,960,1620,12.049751363346202,19.80974465169186,4.0,0.5,10.0,1,2.0,157.04706105708198,,,1920.0,1080.0,0.0,0.0,,,,,,,,,,,,,,,,,,,,,,,,,True,1,2.0383647000417113,1845.173313899897,1847.5135360998102,1847.5280619999394,1853.4725585998967,1848.893388999626,1852.9111806997098,1852.9111806997098,1853.412987599615,1853.472561399918,1853.4130193996243,1845.173313899897,1853.4130193996243,8.239705499727279,False,
2026-01-20T14:50:10.737722,P20,A,5,23,A_MB05_T179,image,iso_icc_03,iso_icc,data/raw/stimuli/polygons/iso_icc_03.json,A_OutdoorNatural_089,data/raw/stimuli/CAT2000/OutdoorNatural/089.jpg,OutdoorNatural,nan,1987,grid_32,1920,1620,23.119020643887126,19.80974465169186,4.0,0.5,10.0,1,2.0,157.04706105708198,,,1920.0,1080.0,0.0,0.0,,,,,,,,,,,,,,,,,,,,,,,,,True,1,0.20024869963526726,1853.4733361997642,1853.9785370999016,1853.994523999747,1860.4225583998486,1855.8430096996017,1859.860943199601,1859.860943199601,1860.3629033998586,1860.4225612999871,1860.3629356999882,1853.4733361997642,1860.3629356999882,6.889599500223994,False,
2026-01-20T14:50:21.538358,P20,A,5,24,A_MB05_T180,image,allfar_intermediate_01,allfar_intermediate,data/raw/stimuli/polygons/allfar_intermediate.json,A_Object_049,data/raw/stimuli/CAT2000/Object/049.jpg,Object,nan,1987,grid_33,2880,1620,32.63520862273857,19.80974465169186,4.0,0.5,10.0,1,2.0,157.04706105708198,,,1920.0,1080.0,0.0,0.0,,,,,,,,,,,,,,,,,,,,,,,,,True,1,4.287737099919468,1860.42330809962,1865.014537199866,1865.027451899834,1871.2225579996593,1866.6428119996563,1870.660612799693,1870.660612799693,1871.1625824999064,1871.2225607996807,1871.1626146999188,1860.42330809962,1871.1626146999188,10.739306600298733,False,
2026-01-20T14:50:30.004411,P20,A,5,25,A_MB05_T181,image,pair_C2_01,pair_C2_chc_vs_bbc_icc,data/raw/stimuli/polygons/pair_com_chc_vs_bbc_icc_01.json,A_OutdoorNatural_127,data/raw/stimuli/CAT2000/OutdoorNatural/127.jpg,OutdoorNatural,nan,1987,grid_11,960,540,12.049751363346202,6.846807837997614,4.0,0.5,10.0,1,2.0,157.04706105708198,,,1920.0,1080.0,0.0,0.0,,,,,,,,,,,,,,,,,,,,,,,,,True,1,1.9227827000431716,1871.223227399867,1873.4475411996245,1873.460494800005,1879.6885593999177,1875.1091946000233,1879.126979699824,1879.126979699824,1879.628945699893,1879.688562199939,1879.628983499948,1871.223227399867,1879.628983499948,8.405756100080907,False,
2026-01-20T14:50:36.670429,P20,A,5,26,A_MB05_T182,image,iso_icc_01,iso_icc,data/raw/stimuli/polygons/iso_icc_01.json,A_Satelite_099,data/raw/stimuli/CAT2000/Satelite/099.jpg,Satelite,nan,1987,grid_12,1920,540,23.119020643887126,6.846807837997614,4.0,0.5,10.0,1,2.0,157.04706105708198,,,1920.0,1080.0,0.0,0.0,,,,,,,,,,,,,,,,,,,,,,,,,True,1,0.20023400010541081,1879.6893213000149,1880.1955352998339,1880.2103565996513,1886.3545590997674,1881.7758414996788,1885.7934770998545,1885.7934770998545,1886.2953184996732,1886.3545618997887,1886.2953503997996,1879.6893213000149,1886.2953503997996,6.6060290997847915,False,
2026-01-20T14:50:45.171320,P20,A,5,27,A_MB05_T183,image,iso_com_01,iso_com,data/raw/stimuli/polygons/iso_com_01.json,A_OutdoorNatural_029,data/raw/stimuli/CAT2000/OutdoorNatural/029.jpg,OutdoorNatural,nan,1987,grid_13,2880,540,32.63520862273857,6.846807837997614,4.0,0.5,10.0,1,2.0,157.04706105708198,,,1920.0,1080.0,0.0,0.0,,,,,,,,,,,,,,,,,,,,,,,,,True,1,2.2372761997394264,1886.3553116000257,1888.897535899654,1888.9100006995723,1894.8555593998171,1890.2759149000049,1894.293156999629,1894.293156999629,1894.7949627996422,1894.8555623996072,1894.7949953996576,1886.3553116000257,1894.7949953996576,8.439683799631894,False,
2026-01-20T14:50:51.603849,P20,A,5,28,A_MB05_T184,image,iso_chc_03,iso_chc,data/raw/stimuli/polygons/iso_chc_03.json,A_Random_111,data/raw/stimuli/CAT2000/Random/111.jpg,Random,nan,1987,grid_21,960,1080,12.049751363346202,13.503472356031734,4.0,0.5,10.0,1,2.0,157.04706105708198,,,1920.0,1080.0,0.0,0.0,,,,,,,,,,,,,,,,,,,,,,,,,True,1,0.2002266999334097,1894.8563078995794,1895.3615368995816,1895.3764793998562,1901.2885590000078,1896.7083000997081,1900.726286799647,1900.726286799647,1901.2281756997108,1901.2885618996806,1901.228211699985,1894.8563078995794,1901.228211699985,6.371903800405562,False,
2026-01-20T14:50:58.103041,P20,A,5,29,A_MB05_T185,image,iso_bbc_03,iso_bbc,data/raw/stimuli/polygons/iso_bbc_03.json,A_Satelite_001,data/raw/stimuli/CAT2000/Satelite/001.jpg,Satelite,nan,1987,grid_22,1920,1080,23.119020643887126,13.503472356031734,4.0,0.5,10.0,1,2.0,157.04706105708198,,,1920.0,1080.0,0.0,0.0,,,,,,,,,,,,,,,,,,,,,,,,,True,1,0.20023519964888692,1901.2893589995801,1901.7905357996933,1901.8096123998985,1907.787557899952,1903.208487099968,1907.2260901997797,1907.2260901997797,1907.727762399707,1907.7875606999733,1907.7277976996265,1901.2893589995801,1907.7277976996265,6.43843870004639,False,
2026-01-20T14:51:06.187073,P20,A,5,30,A_MB05_T186,image,iso_com_01,iso_com,data/raw/stimuli/polygons/iso_com_01.json,A_Random_109,data/raw/stimuli/CAT2000/Random/109.jpg,Random,nan,1987,grid_23,2880,1080,32.63520862273857,13.503472356031734,4.0,0.5,10.0,1,2.0,157.04706105708198,,,1920.0,1080.0,0.0,0.0,,,,,,,,,,,,,,,,,,,,,,,,,True,1,1.9055743999779224,1907.7882123999298,1909.9945360999554,1910.0093186995946,1915.8715586997569,1911.2923965998925,1915.3091252995655,1915.3091252995655,1915.811017899774,1915.871561399661,1915.8110493998975,1907.7882123999298,1915.8110493998975,8.022836999967694,False,
2026-01-20T14:51:14.683630,P20,A,5,31,A_MB05_T187,image,baseline_sym_01,baseline_symmetric,data/raw/stimuli/polygons/baseline_symmetric_consolidated.json,A_Object_051,data/raw/stimuli/CAT2000/Object/051.jpg,Object,nan,1987,grid_31,960,1620,12.049751363346202,19.80974465169186,4.0,0.5,10.0,1,2.0,157.04706105708198,,,1920.0,1080.0,0.0,0.0,,,,,,,,,,,,,,,,,,,,,,,,,True,1,1.8056696001440287,1915.8723166999407,1917.979536099825,1917.992384299636,1924.3685560999438,1919.7910358998924,1923.808887299616,1923.808887299616,1924.310641499702,1924.368558799848,1924.310669799801,1915.8723166999407,1924.310669799801,8.438353099860251,False,
2026-01-20T14:51:21.635183,P20,A,5,32,A_MB05_T188,image,iso_bbc_01,iso_bbc,data/raw/stimuli/polygons/iso_bbc_01.json,A_Sketch_165,data/raw/stimuli/CAT2000/Sketch/165.jpg,Sketch,nan,1987,grid_32,1920,1620,23.119020643887126,19.80974465169186,4.0,0.5,10.0,1,2.0,157.04706105708198,,,1920.0,1080.0,0.0,0.0,,,,,,,,,,,,,,,,,,,,,,,,,True,1,0.9904040000401437,1924.3692097999156,1925.6795365996659,1925.6921035000123,1931.3195590996183,1926.7425971999764,1930.7586052999832,1930.7586052999832,1931.260361599736,1931.3195618996397,1931.2603973997757,1924.3692097999156,1931.2603973997757,6.891187599860132,False,
2026-01-20T14:51:31.084977,P20,A,5,33,A_MB05_T189,image,baseline_rect_01,baseline_rectangle,data/raw/stimuli/polygons/baseline_rectangle.json,A_Satelite_081,data/raw/stimuli/CAT2000/Satelite/081.jpg,Satelite,nan,1987,grid_33,2880,1620,32.63520862273857,19.80974465169186,4.0,0.5,10.0,1,2.0,157.04706105708198,,,1920.0,1080.0,0.0,0.0,,,,,,,,,,,,,,,,,,,,,,,,,True,1,1.8874770998954773,1931.3203270998783,1933.5125364996493,1933.525194299873,1940.7695586998016,1936.1904230997898,1940.2083208998665,1940.2083208998665,1940.7101724999957,1940.7695614998229,1940.7102039996535,1931.3203270998783,1940.7102039996535,9.389876899775118,False,
2026-01-20T14:51:39.250739,P20,A,5,34,A_MB05_T190,image,pair_C1_03,pair_C1_bbc_vs_chc_icc,data/raw/stimuli/polygons/pair_com_bbc_vs_chc_icc_03.json,A_Sketch_147,data/raw/stimuli/CAT2000/Sketch/147.jpg,Sketch,nan,1987,grid_11,960,540,12.049751363346202,6.846807837997614,4.0,0.5,10.0,1,2.0,157.04706105708198,,,1920.0,1080.0,0.0,0.0,,,,,,,,,,,,,,,,,,,,,,,,,True,1,2.1538229999132454,1940.770309599582,1943.2495356998406,1943.2583755999804,1948.9355589998886,1944.3586944998242,1948.3747303998098,1948.3747303998098,1948.8765995996073,1948.935561900027,1948.8766352999955,1940.770309599582,1948.8766352999955,8.106325700413436,False,
2026-01-20T14:51:45.816642,P20,A,5,35,A_MB05_T191,image,iso_chc_02,iso_chc,data/raw/stimuli/polygons/iso_chc_02.json,A_Satelite_151,data/raw/stimuli/CAT2000/Satelite/151.jpg,Satelite,nan,1987,grid_12,1920,540,23.119020643887126,6.846807837997614,4.0,0.5,10.0,1,2.0,157.04706105708198,,,1920.0,1080.0,0.0,0.0,,,,,,,,,,,,,,,,,,,,,,,,,True,1,0.20025999983772635,1948.9363667997532,1949.4415354998782,1949.4580915998667,1955.5015590996481,1950.9240115997382,1954.9411506997421,1954.9411506997421,1955.4428066997789,1955.5015618996695,1955.4428388997912,1948.9363667997532,1955.4428388997912,6.506472100038081,False,
2026-01-20T14:51:51.034607,P20,A,5,36,A_MB05_T192,empty,pair_C2_03,pair_C2_chc_vs_bbc_icc,data/raw/stimuli/polygons/pair_com_chc_vs_bbc_icc_03.json,nan,nan,nan,nan,1987,grid_13,2880,540,32.63520862273857,6.846807837997614,4.0,0.5,10.0,1,2.0,157.04706105708198,,,1920.0,1080.0,0.0,0.0,,,,,,,,,,,,,,,,,,,,,,,,,True,1,0.20029429998248816,1955.502324800007,1956.0085357995704,1956.0245065996423,1960.7195595996454,1956.1413247999735,1960.157709399704,1960.157709399704,1960.659568700008,1960.719562599901,1960.659598799888,1955.502324800007,1960.659598799888,5.157273999880999,False,
2026-01-20T14:51:57.133159,P20,A,5,37,A_MB05_T193,image,iso_com_01,iso_com,data/raw/stimuli/polygons/iso_com_01.json,A_Object_089,data/raw/stimuli/CAT2000/Object/089.jpg,Object,nan,1987,grid_21,960,1080,12.049751363346202,13.503472356031734,4.0,0.5,10.0,1,2.0,157.04706105708198,,,1920.0,1080.0,0.0,0.0,,,,,,,,,,,,,,,,,,,,,,,,,True,1,0.2002481003291905,1960.720269699581,1961.2245354996994,1961.2409799997695,1966.8175584999844,1962.2411933997646,1966.2574443998747,1966.2574443998747,1966.7591977999546,1966.8175613996573,1966.7592281997204,1960.720269699581,1966.7592281997204,6.038958500139415,False,
2026-01-20T14:52:04.682901,P20,A,5,38,A_MB05_T194,image,iso_bbc_03,iso_bbc,data/raw/stimuli/polygons/iso_bbc_03.json,A_Fractal_175,data/raw/stimuli/CAT2000/Fractal/175.jpg,Fractal,nan,1987,grid_22,1920,1080,23.119020643887126,13.503472356031734,4.0,0.5,10.0,1,2.0,157.04706105708198,,,1920.0,1080.0,0.0,0.0,,,,,,,,,,,,,,,,,,,,,,,,,True,1,1.3399932002648711,1966.8183090998791,1968.4785368000157,1968.4907239996828,1974.3675582995638,1969.789332299959,1973.80720919976,1973.80720919976,1974.3090830999427,1974.3675610995851,1974.309117499739,1966.8183090998791,1974.309117499739,7.490808399859816,False,
2026-01-20T14:52:12.368237,P20,A,5,39,A_MB05_T195,image,allfar_concave_01,allfar_concave,data/raw/stimuli/polygons/allfar_concave.json,A_OutdoorNatural_099,data/raw/stimuli/CAT2000/OutdoorNatural/099.jpg,OutdoorNatural,nan,1987,grid_23,2880,1080,32.63520862273857,13.503472356031734,4.0,0.5,10.0,1,2.0,157.04706105708198,,,1920.0,1080.0,0.0,0.0,,,,,,,,,,,,,,,,,,,,,,,,,True,1,1.2057409002445638,1974.3683165996335,1975.876536499709,1975.8904773998074,1982.0525583997369,1977.4726501000114,1981.4903013999574,1981.4903013999574,1981.9921172996983,1982.0525611997582,1981.9921514997259,1974.3683165996335,1981.9921514997259,7.6238349000923336,False,
2026-01-20T14:53:15.014770,P20,A,6,1,A_MB06_T196,image,pair_C2_03,pair_C2_chc_vs_bbc_icc,data/raw/stimuli/polygons/pair_com_chc_vs_bbc_icc_03.json,A_Satelite_059,data/raw/stimuli/CAT2000/Satelite/059.jpg,Satelite,nan,1987,grid_31,960,1620,12.049751363346202,19.80974465169186,4.0,0.5,10.0,1,2.0,157.04706105708198,,,1920.0,1080.0,0.0,0.0,,,,,,,,,,,,,,,,,,,,,,,,,True,1,0.20024270005524158,2037.9074714998715,2038.4225360997953,2038.4384447997436,2044.6995631000027,2040.1206928999163,2044.138235699851,2044.138235699851,2044.6400685999542,2044.69956619991,2044.6401008996181,2037.9074714998715,2044.6401008996181,6.732629399746656,False,
2026-01-20T14:53:21.314577,P20,A,6,2,A_MB06_T197,image,allfar_intermediate_01,allfar_intermediate,data/raw/stimuli/polygons/allfar_intermediate.json,A_OutdoorNatural_097,data/raw/stimuli/CAT2000/OutdoorNatural/097.jpg,OutdoorNatural,nan,1987,grid_32,1920,1620,23.119020643887126,19.80974465169186,4.0,0.5,10.0,1,2.0,157.04706105708198,,,1920.0,1080.0,0.0,0.0,,,,,,,,,,,,,,,,,,,,,,,,,True,1,0.20022570015862584,2044.7003144999035,2045.2025361997075,2045.2215886996128,2050.999559099786,2046.4207738996483,2050.4379999996163,2050.4379999996163,2050.9397481996566,2050.9995619999245,2050.9397799000144,2044.7003144999035,2050.9397799000144,6.23946540011093,False,
2026-01-20T14:53:27.882391,P20,A,6,3,A_MB06_T198,image,pair_C3_01,pair_C3_icc_vs_chc_bbc,data/raw/stimuli/polygons/pair_com_icc_vs_chc_bbc_01.json,A_Random_065,data/raw/stimuli/CAT2000/Random/065.jpg,Random,nan,1987,grid_33,2880,1620,32.63520862273857,19.80974465169186,4.0,0.5,10.0,1,2.0,157.04706105708198,,,1920.0,1080.0,0.0,0.0,,,,,,,,,,,,,,,,,,,,,,,,,True,1,0.20023340033367276,2051.0003379997797,2051.502536999993,2051.5213344995864,2057.5665602996014,2052.986833299976,2057.0044355997816,2057.0044355997816,2057.506349899806,2057.5665630996227,2057.5063790995628,2051.0003379997797,2057.5063790995628,6.506041099783033,False,
2026-01-20T14:53:34.716119,P20,A,6,4,A_MB06_T199,image,iso_icc_03,iso_icc,data/raw/stimuli/polygons/iso_icc_03.json,A_Satelite_175,data/raw/stimuli/CAT2000/Satelite/175.jpg,Satelite,nan,1987,grid_11,960,540,12.049751363346202,6.846807837997614,4.0,0.5,10.0,1,2.0,157.04706105708198,,,1920.0,1080.0,0.0,0.0,,,,,,,,,,,,,,,,,,,,,,,,,True,1,0.20021989988163114,2057.567308299709,2058.0695461998694,2058.087830099743,2064.400558399968,2059.819545999635,2063.8375715999864,2063.8375715999864,2064.339470499661,2064.400561099872,2064.339501099661,2057.567308299709,2064.339501099661,6.772192799951881,False,
2026-01-20T14:53:41.281785,P20,A,6,5,A_MB06_T200,image,iso_com_02,iso_com,data/raw/stimuli/polygons/iso_com_02.json,A_Satelite_127,data/raw/stimuli/CAT2000/Satelite/127.jpg,Satelite,nan,1987,grid_12,1920,540,23.119020643887126,6.846807837997614,4.0,0.5,10.0,1,2.0,157.04706105708198,,,1920.0,1080.0,0.0,0.0,,,,,,,,,,,,,,,,,,,,,,,,,True,1,0.20029010018333793,2064.4013081998564,2064.9045359999873,2064.920919599943,2070.9665582999587,2066.3867961997166,2070.4040230996907,2070.4040230996907,2070.905832399614,2070.96656109998,2070.9058629996143,2064.4013081998564,2070.9058629996143,6.504554799757898,False,
2026-01-20T14:53:47.913580,P20,A,6,6,A_MB06_T201,image,pair_C1_01,pair_C1_bbc_vs_chc_icc,data/raw/stimuli/polygons/pair_com_bbc_vs_chc_icc_01.json,A_OutdoorNatural_035,data/raw/stimuli/CAT2000/OutdoorNatural/035.jpg,OutdoorNatural,nan,1987,grid_13,2880,540,32.63520862273857,6.846807837997614,4.0,0.5,10.0,1,2.0,157.04706105708198,,,1920.0,1080.0,0.0,0.0,,,,,,,,,,,,,,,,,,,,,,,,,True,1,0.20023490022867918,2070.9673092998564,2071.471535400022,2071.4873918998055,2077.598558999598,2073.018985999748,2077.037151800003,2077.037151800003,2077.5390243995935,2077.5985617996193,2077.5390529995784,2070.9673092998564,2077.5390529995784,6.571743699721992,False,
2026-01-20T14:53:56.031046,P20,A,6,7,A_MB06_T202,image,pair_C2_02,pair_C2_chc_vs_bbc_icc,data/raw/stimuli/polygons/pair_com_chc_vs_bbc_icc_02.json,A_OutdoorNatural_101,data/raw/stimuli/CAT2000/OutdoorNatural/101.jpg,OutdoorNatural,nan,1987,grid_21,960,1080,12.049751363346202,13.503472356031734,4.0,0.5,10.0,1,2.0,157.04706105708198,,,1920.0,1080.0,0.0,0.0,,,,,,,,,,,,,,,,,,,,,,,,,True,1,1.5546810002997518,2077.599308999721,2079.458536999766,2079.4703817996196,2085.715561399702,2081.135532599874,2085.1535467999056,2085.1535467999056,2085.655405599624,2085.7155642998405,2085.6554356999695,2077.599308999721,2085.6554356999695,8.05612670024857,False,
2026-01-20T14:54:02.247499,P20,A,6,8,A_MB06_T203,image,iso_chc_03,iso_chc,data/raw/stimuli/polygons/iso_chc_03.json,A_OutdoorNatural_165,data/raw/stimuli/CAT2000/OutdoorNatural/165.jpg,OutdoorNatural,nan,1987,grid_22,1920,1080,23.119020643887126,13.503472356031734,4.0,0.5,10.0,1,2.0,157.04706105708198,,,1920.0,1080.0,0.0,0.0,,,,,,,,,,,,,,,,,,,,,,,,,True,1,0.20024979999288917,2085.7163158999756,2086.220535499975,2086.236906999722,2091.932557999622,2087.352279099636,2091.3700081999414,2091.3700081999414,2091.871858399827,2091.9325608997606,2091.8718909998424,2085.7163158999756,2091.8718909998424,6.155575099866837,False,
2026-01-20T14:54:10.347099,P20,A,6,9,A_MB06_T204,image,pair_C2_02,pair_C2_chc_vs_bbc_icc,data/raw/stimuli/polygons/pair_com_chc_vs_bbc_icc_02.json,A_Satelite_131,data/raw/stimuli/CAT2000/Satelite/131.jpg,Satelite,nan,1987,grid_23,2880,1080,32.63520862273857,13.503472356031734,4.0,0.5,10.0,1,2.0,157.04706105708198,,,1920.0,1080.0,0.0,0.0,,,,,,,,,,,,,,,,,,,,,,,,,True,1,1.6555059999227524,2091.9333084998652,2093.8915537996218,2093.903233299963,2100.031556800008,2095.4525150000118,2099.4697221997194,2099.4697221997194,2099.9712894000113,2100.031559399795,2099.9713213997893,2091.9333084998652,2099.9713213997893,8.03801289992407,False,
2026-01-20T14:54:17.530022,P20,A,6,10,A_MB06_T205,image,pair_C1_01,pair_C1_bbc_vs_chc_icc,data/raw/stimuli/polygons/pair_com_bbc_vs_chc_icc_01.json,A_Object_141,data/raw/stimuli/CAT2000/Object/141.jpg,Object,nan,1987,grid_31,960,1620,12.049751363346202,19.80974465169186,4.0,0.5,10.0,1,2.0,157.04706105708198,,,1920.0,1080.0,0.0,0.0,,,,,,,,,,,,,,,,,,,,,,,,,True,1,1.1892558997496963,2100.0322168995626,2101.539536499884,2101.552971499972,2107.2145589999855,2102.635987599846,2106.652870999649,2106.652870999649,2107.154738399666,2107.2145618996583,2107.1547705000266,2100.0322168995626,2107.1547705000266,7.122553600464016,False,
2026-01-20T14:54:25.429302,P20,A,6,11,A_MB06_T206,image,pair_C1_03,pair_C1_bbc_vs_chc_icc,data/raw/stimuli/polygons/pair_com_bbc_vs_chc_icc_03.json,A_Random_151,data/raw/stimuli/CAT2000/Random/151.jpg,Random,nan,1987,grid_32,1920,1620,23.119020643887126,19.80974465169186,4.0,0.5,10.0,1,2.0,157.04706105708198,,,1920.0,1080.0,0.0,0.0,,,,,,,,,,,,,,,,,,,,,,,,,True,1,1.6064448999240994,2107.2153139999136,2109.12253579963,2109.13606539974,2115.1135589997284,2110.5349514996633,2114.5525578996167,2114.5525578996167,2115.0544436997734,2115.1135617997497,2115.054478199687,2107.2153139999136,2115.054478199687,7.839164199773222,False,
2026-01-20T14:54:32.179285,P20,A,6,12,A_MB06_T207,image,pair_C2_01,pair_C2_chc_vs_bbc_icc,data/raw/stimuli/polygons/pair_com_chc_vs_bbc_icc_01.json,A_Fractal_081,data/raw/stimuli/CAT2000/Fractal/081.jpg,Fractal,nan,1987,grid_33,2880,1620,32.63520862273857,19.80974465169186,4.0,0.5,10.0,1,2.0,157.04706105708198,,,1920.0,1080.0,0.0,0.0,,,,,,,,,,,,,,,,,,,,,,,,,True,1,0.20025840029120445,2115.1143147996627,2115.6335361995734,2115.6525618997402,2121.8635590998456,2117.284717499744,2121.302343999967,2121.302343999967,2121.804245499894,2121.863561899867,2121.8042806996964,2115.1143147996627,2121.8042806996964,6.689965900033712,False,
2026-01-20T14:54:40.612255,P20,A,6,13,A_MB06_T208,image,pair_C2_02,pair_C2_chc_vs_bbc_icc,data/raw/stimuli/polygons/pair_com_chc_vs_bbc_icc_02.json,A_Object_021,data/raw/stimuli/CAT2000/Object/021.jpg,Object,nan,1987,grid_11,960,540,12.049751363346202,6.846807837997614,4.0,0.5,10.0,1,2.0,157.04706105708198,,,1920.0,1080.0,0.0,0.0,,,,,,,,,,,,,,,,,,,,,,,,,True,1,2.2381774000823498,2121.8643074999563,2124.4055363996886,2124.418914999813,2130.2965621999465,2125.718249499798,2129.7354391999543,2129.7354391999543,2130.2373285996728,2130.2965652998537,2130.23735879967,2121.8643074999563,2130.23735879967,8.373051299713552,False,
2026-01-20T14:54:47.078410,P20,A,6,14,A_MB06_T209,image,pair_C3_02,pair_C3_icc_vs_chc_bbc,data/raw/stimuli/polygons/pair_com_icc_vs_chc_bbc_02.json,A_Object_133,data/raw/stimuli/CAT2000/Object/133.jpg,Object,nan,1987,grid_12,1920,540,23.119020643887126,6.846807837997614,4.0,0.5,10.0,1,2.0,157.04706105708198,,,1920.0,1080.0,0.0,0.0,,,,,,,,,,,,,,,,,,,,,,,,,True,1,0.2002324997447431,2130.297307399567,2130.8015360999852,2130.8187442999333,2136.7625587997027,2132.184406599961,2136.201856699772,2136.201856699772,2136.703811999876,2136.762561699841,2136.703843599651,2130.297307399567,2136.703843599651,6.406536200083792,False,
2026-01-20T14:54:54.444825,P20,A,6,15,A_MB06_T210,image,allfar_intermediate_01,allfar_intermediate,data/raw/stimuli/polygons/allfar_intermediate.json,A_OutdoorNatural_079,data/raw/stimuli/CAT2000/OutdoorNatural/079.jpg,OutdoorNatural,nan,1987,grid_13,2880,540,32.63520862273857,6.846807837997614,4.0,0.5,10.0,1,2.0,157.04706105708198,,,1920.0,1080.0,0.0,0.0,,,,,,,,,,,,,,,,,,,,,,,,,True,1,1.1397353997454047,2136.7633040999062,2138.209537799936,2138.2186122997664,2144.129559099674,2139.5507071996108,2143.568252799567,2143.568252799567,2144.070232699625,2144.1295618996955,2144.0702641997486,2136.7633040999062,2144.0702641997486,7.306960099842399,False,
2026-01-20T14:55:01.245131,P20,A,6,16,A_MB06_T211,image,pair_C2_02,pair_C2_chc_vs_bbc_icc,data/raw/stimuli/polygons/pair_com_chc_vs_bbc_icc_02.json,A_Random_163,data/raw/stimuli/CAT2000/Random/163.jpg,Random,nan,1987,grid_21,960,1080,12.049751363346202,13.503472356031734,4.0,0.5,10.0,1,2.0,157.04706105708198,,,1920.0,1080.0,0.0,0.0,,,,,,,,,,,,,,,,,,,,,,,,,True,1,0.2002106001600623,2144.1303595998324,2144.633536499925,2144.6516380999237,2150.9295714995824,2146.3505805996247,2150.368097399827,2150.368097399827,2150.8697962998413,2150.929574499838,2150.8698458997533,2144.1303595998324,2150.8698458997533,6.739486299920827,False,
2026-01-20T14:55:08.545314,P20,A,6,17,A_MB06_T212,image,iso_chc_02,iso_chc,data/raw/stimuli/polygons/iso_chc_02.json,A_Random_083,data/raw/stimuli/CAT2000/Random/083.jpg,Random,nan,1987,grid_22,1920,1080,23.119020643887126,13.503472356031734,4.0,0.5,10.0,1,2.0,157.04706105708198,,,1920.0,1080.0,0.0,0.0,,,,,,,,,,,,,,,,,,,,,,,,,True,1,1.1369481002911925,2150.9302326999605,2152.3715366995893,2152.38464799989,2158.2295598997734,2153.6507433997467,2157.6678243996575,2157.6678243996575,2158.169669499621,2158.2295626997948,2158.1697013997473,2150.9302326999605,2158.1697013997473,7.239468699786812,False,
2026-01-20T14:55:15.678088,P20,A,6,18,A_MB06_T213,image,pair_C2_02,pair_C2_chc_vs_bbc_icc,data/raw/stimuli/polygons/pair_com_chc_vs_bbc_icc_02.json,A_Sketch_199,data/raw/stimuli/CAT2000/Sketch/199.jpg,Sketch,nan,1987,grid_23,2880,1080,32.63520862273857,13.503472356031734,4.0,0.5,10.0,1,2.0,157.04706105708198,,,1920.0,1080.0,0.0,0.0,,,,,,,,,,,,,,,,,,,,,,,,,True,1,1.1896751001477242,2158.23030809965,2159.722536899615,2159.7343819998205,2165.362558099907,2160.7845187997445,2164.80089319963,2164.80089319963,2165.3025570996106,2165.362560899928,2165.3025914998725,2158.23030809965,2165.3025914998725,7.072283400222659,False,
2026-01-20T14:55:22.993022,P20,A,6,19,A_MB06_T214,image,pair_C2_03,pair_C2_chc_vs_bbc_icc,data/raw/stimuli/polygons/pair_com_chc_vs_bbc_icc_03.json,A_Random_045,data/raw/stimuli/CAT2000/Random/045.jpg,Random,nan,1987,grid_31,960,1620,12.049751363346202,19.80974465169186,4.0,0.5,10.0,1,2.0,157.04706105708198,,,1920.0,1080.0,0.0,0.0,,,,,,,,,,,,,,,,,,,,,,,,,True,1,0.9554618000984192,2165.363311199937,2166.6215357999317,2166.6341679999605,2172.677559699863,2168.0996099999174,2172.117362699937,2172.117362699937,2172.6191334999166,2172.6775626000017,2172.619166899938,2165.363311199937,2172.619166899938,7.255855700001121,False,
2026-01-20T14:55:29.411733,P20,A,6,20,A_MB06_T215,empty,pair_C1_03,pair_C1_bbc_vs_chc_icc,data/raw/stimuli/polygons/pair_com_bbc_vs_chc_icc_03.json,nan,nan,nan,nan,1987,grid_32,1920,1620,23.119020643887126,19.80974465169186,4.0,0.5,10.0,1,2.0,157.04706105708198,,,1920.0,1080.0,0.0,0.0,,,,,,,,,,,,,,,,,,,,,,,,,True,1,1.4048801995813847,2172.67831759993,2174.38853609981,2174.4005707995966,2179.09655869985,2174.517447399907,2178.5338224996813,2178.5338224996813,2179.0357236997224,2179.0965615999885,2179.035758599639,2172.67831759993,2179.035758599639,6.35744099970907,False,
2026-01-20T14:55:37.242724,P20,A,6,21,A_MB06_T216,image,pair_C1_02,pair_C1_bbc_vs_chc_icc,data/raw/stimuli/polygons/pair_com_bbc_vs_chc_icc_02.json,A_OutdoorNatural_167,data/raw/stimuli/CAT2000/OutdoorNatural/167.jpg,OutdoorNatural,nan,1987,grid_33,2880,1620,32.63520862273857,19.80974465169186,4.0,0.5,10.0,1,2.0,157.04706105708198,,,1920.0,1080.0,0.0,0.0,,,,,,,,,,,,,,,,,,,,,,,,,True,1,1.3563295002095401,2179.097273299936,2180.75453799963,2180.7670761998743,2186.927559499629,2182.3485018997453,2186.366898899898,2186.366898899898,2186.8688451997004,2186.92756229965,2186.868877799716,2179.097273299936,2186.868877799716,7.771604499779642,False,
2026-01-20T14:55:44.643994,P20,A,6,22,A_MB06_T217,image,iso_chc_01,iso_chc,data/raw/stimuli/polygons/iso_chc_01.json,A_Fractal_075,data/raw/stimuli/CAT2000/Fractal/075.jpg,Fractal,nan,1987,grid_11,960,540,12.049751363346202,6.846807837997614,4.0,0.5,10.0,1,2.0,157.04706105708198,,,1920.0,1080.0,0.0,0.0,,,,,,,,,,,,,,,,,,,,,,,,,True,1,0.9741050000302494,2186.9283125000075,2188.2025356995873,2188.2168061998673,2194.328558499925,2189.748931000009,2193.7666352000087,2193.7666352000087,2194.2685541999526,2194.328561199829,2194.2685844996013,2186.9283125000075,2194.2685844996013,7.340271999593824,False,
2026-01-20T14:55:51.643993,P20,A,6,23,A_MB06_T218,image,iso_icc_01,iso_icc,data/raw/stimuli/polygons/iso_icc_01.json,A_OutdoorNatural_003,data/raw/stimuli/CAT2000/OutdoorNatural/003.jpg,OutdoorNatural,nan,1987,grid_12,1920,540,23.119020643887126,6.846807837997614,4.0,0.5,10.0,1,2.0,157.04706105708198,,,1920.0,1080.0,0.0,0.0,,,,,,,,,,,,,,,,,,,,,,,,,True,1,0.20023859990760684,2194.329312699847,2194.83253589971,2194.8499965998344,2201.3285568999127,2196.7484191996045,2200.7663862998597,2200.7663862998597,2201.268108099699,2201.328559599817,2201.268135899678,2194.329312699847,2201.268135899678,6.938823199830949,False,
2026-01-20T14:55:57.794256,P20,A,6,24,A_MB06_T219,empty,iso_bbc_01,iso_bbc,data/raw/stimuli/polygons/iso_bbc_01.json,nan,nan,nan,nan,1987,grid_13,2880,540,32.63520862273857,6.846807837997614,4.0,0.5,10.0,1,2.0,157.04706105708198,,,1920.0,1080.0,0.0,0.0,,,,,,,,,,,,,,,,,,,,,,,,,True,1,1.1392908999696374,2201.3292024997063,2202.7705364995636,2202.78297359962,2207.4785582995974,2202.899829799775,2206.916216299869,2206.916216299869,2207.418055099901,2207.478561199736,2207.418085599784,2201.3292024997063,2207.418085599784,6.08888310007751,False,
2026-01-20T14:56:03.959590,P20,A,6,25,A_MB06_T220,image,iso_icc_01,iso_icc,data/raw/stimuli/polygons/iso_icc_01.json,A_Sketch_013,data/raw/stimuli/CAT2000/Sketch/013.jpg,Sketch,nan,1987,grid_21,960,1080,12.049751363346202,13.503472356031734,4.0,0.5,10.0,1,2.0,157.04706105708198,,,1920.0,1080.0,0.0,0.0,,,,,,,,,,,,,,,,,,,,,,,,,True,1,0.20023410022258759,2207.479258299805,2207.982535599731,2207.99956129957,2213.644556999672,2209.0649671996944,2213.0826526000164,2213.0826526000164,2213.584599699825,2213.6445597996935,2213.5846335999668,2207.479258299805,2213.5846335999668,6.1053753001615405,False,
2026-01-20T14:56:11.042343,P20,A,6,26,A_MB06_T221,image,baseline_asym_01,baseline_asymmetric,data/raw/stimuli/polygons/baseline_asymmetric_consolidated.json,A_OutdoorNatural_047,data/raw/stimuli/CAT2000/OutdoorNatural/047.jpg,OutdoorNatural,nan,1987,grid_22,1920,1080,23.119020643887126,13.503472356031734,4.0,0.5,10.0,1,2.0,157.04706105708198,,,1920.0,1080.0,0.0,0.0,,,,,,,,,,,,,,,,,,,,,,,,,True,1,0.2002675998955965,2213.645198300015,2214.14853699971,2214.1659794999287,2220.7265603998676,2216.1477722995915,2220.1657769000158,2220.1657769000158,2220.667494099587,2220.726563199889,2220.6675250995904,2213.645198300015,2220.6675250995904,7.022326799575239,False,
2026-01-20T14:56:20.108376,P20,A,6,27,A_MB06_T222,image,pair_C1_03,pair_C1_bbc_vs_chc_icc,data/raw/stimuli/polygons/pair_com_bbc_vs_chc_icc_03.json,A_OutdoorNatural_173,data/raw/stimuli/CAT2000/OutdoorNatural/173.jpg,OutdoorNatural,nan,1987,grid_23,2880,1080,32.63520862273857,13.503472356031734,4.0,0.5,10.0,1,2.0,157.04706105708198,,,1920.0,1080.0,0.0,0.0,,,,,,,,,,,,,,,,,,,,,,,,,True,1,2.871927599888295,2220.7273213998415,2223.9025355996564,2223.915638399776,2229.7925612996332,2225.2148504997604,2229.232102899812,2229.232102899812,2229.733813899569,2229.7925640996546,2229.7338431999087,2220.7273213998415,2229.7338431999087,9.006521800067276,False,
2026-01-20T14:56:27.475593,P20,A,6,28,A_MB06_T223,image,pair_C1_02,pair_C1_bbc_vs_chc_icc,data/raw/stimuli/polygons/pair_com_bbc_vs_chc_icc_02.json,A_Random_039,data/raw/stimuli/CAT2000/Random/039.jpg,Random,nan,1987,grid_31,960,1620,12.049751363346202,19.80974465169186,4.0,0.5,10.0,1,2.0,157.04706105708198,,,1920.0,1080.0,0.0,0.0,,,,,,,,,,,,,,,,,,,,,,,,,True,1,1.305695699993521,2229.7933120997623,2231.402536300011,2231.415364299901,2237.1605618996546,2232.5812136000022,2236.5985669000074,2236.5985669000074,2237.100446699653,2237.1605650000274,2237.1004798999056,2229.7933120997623,2237.1004798999056,7.307167800143361,False,
2026-01-20T14:56:33.942174,P20,A,6,29,A_MB06_T224,image,pair_C1_03,pair_C1_bbc_vs_chc_icc,data/raw/stimuli/polygons/pair_com_bbc_vs_chc_icc_03.json,A_Object_161,data/raw/stimuli/CAT2000/Object/161.jpg,Object,nan,1987,grid_32,1920,1620,23.119020643887126,19.80974465169186,4.0,0.5,10.0,1,2.0,157.04706105708198,,,1920.0,1080.0,0.0,0.0,,,,,,,,,,,,,,,,,,,,,,,,,True,1,0.20023240009322762,2237.1612136997283,2237.6815355997533,2237.6985659999773,2243.626557999756,2239.047106199898,2243.0650088996626,2243.0650088996626,2243.566927299835,2243.6265607997775,2243.56696289964,2237.1612136997283,2243.56696289964,6.405749199911952,False,
2026-01-20T14:56:40.492198,P20,A,6,30,A_MB06_T225,image,iso_chc_03,iso_chc,data/raw/stimuli/polygons/iso_chc_03.json,A_Satelite_083,data/raw/stimuli/CAT2000/Satelite/083.jpg,Satelite,nan,1987,grid_33,2880,1620,32.63520862273857,19.80974465169186,4.0,0.5,10.0,1,2.0,157.04706105708198,,,1920.0,1080.0,0.0,0.0,,,,,,,,,,,,,,,,,,,,,,,,,True,1,0.20022909995168447,2243.6272065998055,2244.1335353995673,2244.148351199925,2250.1765593998134,2245.596635399852,2249.6148307998665,2249.6148307998665,2250.116711899638,2250.1765621998347,2250.116743599996,2243.6272065998055,2250.116743599996,6.489537000190467,False,
2026-01-20T14:56:47.458051,P20,A,6,31,A_MB06_T226,image,iso_chc_02,iso_chc,data/raw/stimuli/polygons/iso_chc_02.json,A_Sketch_057,data/raw/stimuli/CAT2000/Sketch/057.jpg,Sketch,nan,1987,grid_11,960,540,12.049751363346202,6.846807837997614,4.0,0.5,10.0,1,2.0,157.04706105708198,,,1920.0,1080.0,0.0,0.0,,,,,,,,,,,,,,,,,,,,,,,,,True,1,1.07300730003044,2250.177313399967,2251.551536399871,2251.5647443998605,2257.1425602999516,2252.5648817997426,2256.5812093997374,2256.5812093997374,2257.0826858999208,2257.1425632997416,2257.0827147997916,2250.177313399967,2257.0827147997916,6.905401399824768,False,
2026-01-20T14:56:53.675375,P20,A,6,32,A_MB06_T227,image,iso_bbc_01,iso_bbc,data/raw/stimuli/polygons/iso_bbc_01.json,A_Satelite_055,data/raw/stimuli/CAT2000/Satelite/055.jpg,Satelite,nan,1987,grid_12,1920,540,23.119020643887126,6.846807837997614,4.0,0.5,10.0,1,2.0,157.04706105708198,,,1920.0,1080.0,0.0,0.0,,,,,,,,,,,,,,,,,,,,,,,,,True,1,0.20022170012816787,2257.143308399711,2257.6455357996747,2257.664547499735,2263.3595571997575,2258.7811198998243,2262.7976799998432,2262.7976799998432,2263.2996155996807,2263.359559999779,2263.2996486998163,2257.143308399711,2263.2996486998163,6.156340300105512,False,
2026-01-20T14:57:01.725041,P20,A,6,33,A_MB06_T228,image,baseline_rect_01,baseline_rectangle,data/raw/stimuli/polygons/baseline_rectangle.json,A_Object_077,data/raw/stimuli/CAT2000/Object/077.jpg,Object,nan,1987,grid_13,2880,540,32.63520862273857,6.846807837997614,4.0,0.5,10.0,1,2.0,157.04706105708198,,,1920.0,1080.0,0.0,0.0,,,,,,,,,,,,,,,,,,,,,,,,,True,1,1.373887499794364,2263.360208799597,2265.0325360000134,2265.0476071997546,2271.409562399611,2266.8294715997763,2270.847416399978,2270.847416399978,2271.3490450996906,2271.4095654999837,2271.3490759995766,2263.360208799597,2271.3490759995766,7.9888671999797225,False,
2026-01-20T14:57:09.224949,P20,A,6,34,A_MB06_T229,image,iso_chc_01,iso_chc,data/raw/stimuli/polygons/iso_chc_01.json,A_Fractal_153,data/raw/stimuli/CAT2000/Fractal/153.jpg,Fractal,nan,1987,grid_21,960,1080,12.049751363346202,13.503472356031734,4.0,0.5,10.0,1,2.0,157.04706105708198,,,1920.0,1080.0,0.0,0.0,,,,,,,,,,,,,,,,,,,,,,,,,True,1,1.089362499769777,2271.410332799889,2272.800536399707,2272.8140041995794,2278.909558699932,2274.329368399922,2278.3472103998065,2278.3472103998065,2278.8492664997466,2278.9095614999533,2278.8493030997925,2271.410332799889,2278.8493030997925,7.438970299903303,False,
2026-01-20T14:57:16.922869,P20,A,6,35,A_MB06_T230,empty,iso_com_02,iso_com,data/raw/stimuli/polygons/iso_com_02.json,nan,nan,nan,nan,1987,grid_22,1920,1080,23.119020643887126,13.503472356031734,4.0,0.5,10.0,1,2.0,157.04706105708198,,,1920.0,1080.0,0.0,0.0,,,,,,,,,,,,,,,,,,,,,,,,,True,1,2.6889805998653173,2278.9103167997673,2281.8995360997505,2281.9137291000225,2286.607556199655,2282.0305914999917,2286.0469383997843,2286.0469383997843,2286.5485026999377,2286.6075589000247,2286.54853219958,2278.9103167997673,2286.54853219958,7.638215399812907,False,
2026-01-20T14:57:24.171995,P20,A,6,36,A_MB06_T231,image,pair_C3_03,pair_C3_icc_vs_chc_bbc,data/raw/stimuli/polygons/pair_com_icc_vs_chc_bbc_03.json,A_Sketch_087,data/raw/stimuli/CAT2000/Sketch/087.jpg,Sketch,nan,1987,grid_23,2880,1080,32.63520862273857,13.503472356031734,4.0,0.5,10.0,1,2.0,157.04706105708198,,,1920.0,1080.0,0.0,0.0,,,,,,,,,,,,,,,,,,,,,,,,,True,1,1.338816300034523,2286.608172199689,2288.2495363997295,2288.263512699865,2293.856560199987,2289.2804175997153,2293.2967077000067,2293.2967077000067,2293.7983915000223,2293.85656309966,2293.7984258998185,2286.608172199689,2293.7984258998185,7.190253700129688,False,
2026-01-20T14:57:33.572782,P20,A,6,37,A_MB06_T232,image,iso_bbc_01,iso_bbc,data/raw/stimuli/polygons/iso_bbc_01.json,A_OutdoorNatural_183,data/raw/stimuli/CAT2000/OutdoorNatural/183.jpg,OutdoorNatural,nan,1987,grid_31,960,1620,12.049751363346202,19.80974465169186,4.0,0.5,10.0,1,2.0,157.04706105708198,,,1920.0,1080.0,0.0,0.0,,,,,,,,,,,,,,,,,,,,,,,,,True,1,3.104142799973488,2293.857321499847,2297.2655356996693,2297.279863699805,2303.2575587998144,2298.678978699725,2302.696373899933,2302.696373899933,2303.1980430996045,2303.257561999839,2303.198080400005,2293.857321499847,2303.198080400005,9.340758900158107,False,
2026-01-20T14:57:40.904522,P20,A,6,38,A_MB06_T233,image,iso_bbc_02,iso_bbc,data/raw/stimuli/polygons/iso_bbc_02.json,A_OutdoorNatural_171,data/raw/stimuli/CAT2000/OutdoorNatural/171.jpg,OutdoorNatural,nan,1987,grid_32,1920,1620,23.119020643887126,19.80974465169186,4.0,0.5,10.0,1,2.0,157.04706105708198,,,1920.0,1080.0,0.0,0.0,,,,,,,,,,,,,,,,,,,,,,,,,True,1,1.1039244998246431,2303.258373199962,2304.6655362998135,2304.679612599779,2310.5895623997785,2306.011597099714,2310.029485899955,2310.029485899955,2310.531168299727,2310.5895653995685,2310.5311993998475,2303.258373199962,2310.5311993998475,7.272826199885458,False,
2026-01-20T14:57:49.539244,P20,A,6,39,A_MB06_T234,image,allfar_concave_01,allfar_concave,data/raw/stimuli/polygons/allfar_concave.json,A_Object_115,data/raw/stimuli/CAT2000/Object/115.jpg,Object,nan,1987,grid_33,2880,1620,32.63520862273857,19.80974465169186,4.0,0.5,10.0,1,2.0,157.04706105708198,,,1920.0,1080.0,0.0,0.0,,,,,,,,,,,,,,,,,,,,,,,,,True,1,2.3726351000368595,2310.590327899903,2313.265536400024,2313.2793362997472,2319.223557399586,2314.645268299617,2318.6625537998043,2318.6625537998043,2319.1645693997853,2319.2235600999556,2319.164605999831,2310.590327899903,2319.164605999831,8.574278099928051,False,
2026-01-20T14:58:44.105463,P20,A,7,1,A_MB07_T235,image,pair_C2_03,pair_C2_chc_vs_bbc_icc,data/raw/stimuli/polygons/pair_com_chc_vs_bbc_icc_03.json,A_OutdoorNatural_043,data/raw/stimuli/CAT2000/OutdoorNatural/043.jpg,OutdoorNatural,nan,1987,grid_11,960,540,12.049751363346202,6.846807837997614,4.0,0.5,10.0,1,2.0,157.04706105708198,,,1920.0,1080.0,0.0,0.0,,,,,,,,,,,,,,,,,,,,,,,,,True,1,1.3385187997482717,2365.8799548000097,2367.545536699705,2367.5608866997063,2373.7895598998293,2369.2099119997583,2373.227371999994,2373.227371999994,2373.7293072999455,2373.789562799968,2373.729341399856,2365.8799548000097,2373.729341399856,7.849386599846184,False,
2026-01-20T14:58:50.171318,P20,A,7,2,A_MB07_T236,image,iso_bbc_02,iso_bbc,data/raw/stimuli/polygons/iso_bbc_02.json,A_Sketch_137,data/raw/stimuli/CAT2000/Sketch/137.jpg,Sketch,nan,1987,grid_12,1920,540,23.119020643887126,6.846807837997614,4.0,0.5,10.0,1,2.0,157.04706105708198,,,1920.0,1080.0,0.0,0.0,,,,,,,,,,,,,,,,,,,,,,,,,True,1,0.2002250999212265,2373.7903118999675,2374.2935358998366,2374.3107436997816,2379.8555850996636,2375.2777479998767,2379.293849499896,2379.293849499896,2379.795589499641,2379.855589099694,2379.7956281998195,2373.7903118999675,2379.7956281998195,6.005316299851984,False,
2026-01-20T14:58:58.086865,P20,A,7,3,A_MB07_T237,image,allfar_convex_01,allfar_convex,data/raw/stimuli/polygons/allfar_convex.json,A_Object_011,data/raw/stimuli/CAT2000/Object/011.jpg,Object,nan,1987,grid_13,2880,540,32.63520862273857,6.846807837997614,4.0,0.5,10.0,1,2.0,157.04706105708198,,,1920.0,1080.0,0.0,0.0,,,,,,,,,,,,,,,,,,,,,,,,,True,1,1.9230660004541278,2379.856358299963,2382.085536999628,2382.110421899706,2387.7715570996515,2383.193376499694,2387.2103374996223,2387.2103374996223,2387.712081299629,2387.7715598000214,2387.712118999567,2379.856358299963,2387.712118999567,7.855760699603707,False,
2026-01-20T14:59:06.937413,P20,A,7,4,A_MB07_T238,image,iso_chc_01,iso_chc,data/raw/stimuli/polygons/iso_chc_01.json,A_Satelite_023,data/raw/stimuli/CAT2000/Satelite/023.jpg,Satelite,nan,1987,grid_21,960,1080,12.049751363346202,13.503472356031734,4.0,0.5,10.0,1,2.0,157.04706105708198,,,1920.0,1080.0,0.0,0.0,,,,,,,,,,,,,,,,,,,,,,,,,True,1,2.520464399829507,2387.772215399891,2390.5965369995683,2390.6101372996345,2396.6215836997144,2392.0422274996527,2396.060014499817,2396.060014499817,2396.561817199923,2396.6215868997388,2396.5618500998244,2387.772215399891,2396.5618500998244,8.78963469993323,False,
2026-01-20T14:59:13.069380,P20,A,7,5,A_MB07_T239,image,pair_C2_03,pair_C2_chc_vs_bbc_icc,data/raw/stimuli/polygons/pair_com_chc_vs_bbc_icc_03.json,A_Sketch_005,data/raw/stimuli/CAT2000/Sketch/005.jpg,Sketch,nan,1987,grid_22,1920,1080,23.119020643887126,13.503472356031734,4.0,0.5,10.0,1,2.0,157.04706105708198,,,1920.0,1080.0,0.0,0.0,,,,,,,,,,,,,,,,,,,,,,,,,True,1,0.20022339979186654,2396.6223547998816,2397.1265390999615,2397.1433265996166,2402.7535585998558,2398.176834499929,2402.193135399837,2402.193135399837,2402.6949626998976,2402.753561399877,2402.6949957995676,2396.6223547998816,2402.6949957995676,6.072640999685973,False,
2026-01-20T14:59:26.869603,P20,A,7,6,A_MB07_T240,image,iso_chc_03,iso_chc,data/raw/stimuli/polygons/iso_chc_03.json,A_Sketch_101,data/raw/stimuli/CAT2000/Sketch/101.jpg,Sketch,nan,1987,grid_23,2880,1080,32.63520862273857,13.503472356031734,4.0,0.5,10.0,1,2.0,157.04706105708198,,,1920.0,1080.0,0.0,0.0,,,,,,,,,,,,,,,,,,,,,,,,,True,1,7.8894385998137295,2402.7543309996836,2410.9625355997123,2410.9761392995715,2416.5545581998304,2411.976599799935,2415.992672199849,2415.992672199849,2416.494351099711,2416.5545609998517,2416.4943825998344,2402.7543309996836,2416.4943825998344,13.740051600150764,False,
2026-01-20T14:59:33.369694,P20,A,7,7,A_MB07_T241,image,iso_chc_02,iso_chc,data/raw/stimuli/polygons/iso_chc_02.json,A_Random_075,data/raw/stimuli/CAT2000/Random/075.jpg,Random,nan,1987,grid_31,960,1620,12.049751363346202,19.80974465169186,4.0,0.5,10.0,1,2.0,157.04706105708198,,,1920.0,1080.0,0.0,0.0,,,,,,,,,,,,,,,,,,,,,,,,,True,1,0.2002372001297772,2416.555311099626,2417.0585351996124,2417.0760325999,2423.0545623996295,2418.4751312998123,2422.4924189997837,2422.4924189997837,2422.994219099637,2423.0545655000024,2422.9942517997697,2416.555311099626,2422.9942517997697,6.438940700143576,False,
2026-01-20T14:59:39.636275,P20,A,7,8,A_MB07_T242,image,pair_C2_02,pair_C2_chc_vs_bbc_icc,data/raw/stimuli/polygons/pair_com_chc_vs_bbc_icc_02.json,A_Object_059,data/raw/stimuli/CAT2000/Object/059.jpg,Object,nan,1987,grid_32,1920,1620,23.119020643887126,19.80974465169186,4.0,0.5,10.0,1,2.0,157.04706105708198,,,1920.0,1080.0,0.0,0.0,,,,,,,,,,,,,,,,,,,,,,,,,True,1,0.2002313998527825,2423.0553096998483,2423.5585359996185,2423.5757765998133,2429.3205601000227,2424.742053399794,2428.7589313997887,2428.7589313997887,2429.2607968999073,2429.3205629996955,2429.2608289998025,2423.0553096998483,2429.2608289998025,6.205519299954176,False,
2026-01-20T14:59:46.102449,P20,A,7,9,A_MB07_T243,image,iso_bbc_03,iso_bbc,data/raw/stimuli/polygons/iso_bbc_03.json,A_Random_137,data/raw/stimuli/CAT2000/Random/137.jpg,Random,nan,1987,grid_33,2880,1620,32.63520862273857,19.80974465169186,4.0,0.5,10.0,1,2.0,157.04706105708198,,,1920.0,1080.0,0.0,0.0,,,,,,,,,,,,,,,,,,,,,,,,,True,1,0.20024930033832788,2429.321312099695,2429.8245358997956,2429.8422306999564,2435.786565499846,2431.2089174999855,2435.225365099963,2435.225365099963,2435.7269313000143,2435.786568499636,2435.726964299567,2429.321312099695,2435.726964299567,6.405652199871838,False,
2026-01-20T14:59:53.968169,P20,A,7,10,A_MB07_T244,image,pair_C1_03,pair_C1_bbc_vs_chc_icc,data/raw/stimuli/polygons/pair_com_bbc_vs_chc_icc_03.json,A_Sketch_059,data/raw/stimuli/CAT2000/Sketch/059.jpg,Sketch,nan,1987,grid_11,960,540,12.049751363346202,6.846807837997614,4.0,0.5,10.0,1,2.0,157.04706105708198,,,1920.0,1080.0,0.0,0.0,,,,,,,,,,,,,,,,,,,,,,,,,True,1,1.870545499958098,2435.7873243996873,2437.9625357999466,2437.975245199632,2443.652560199611,2439.074911999982,2443.0917551997118,2443.0917551997118,2443.5936129996553,2443.6525630997494,2443.593648099806,2435.7873243996873,2443.593648099806,7.80632370011881,False,
2026-01-20T15:00:00.834089,P20,A,7,11,A_MB07_T245,image,pair_C2_03,pair_C2_chc_vs_bbc_icc,data/raw/stimuli/polygons/pair_com_chc_vs_bbc_icc_03.json,A_OutdoorNatural_199,data/raw/stimuli/CAT2000/OutdoorNatural/199.jpg,OutdoorNatural,nan,1987,grid_12,1920,540,23.119020643887126,6.846807837997614,4.0,0.5,10.0,1,2.0,157.04706105708198,,,1920.0,1080.0,0.0,0.0,,,,,,,,,,,,,,,,,,,,,,,,,True,1,0.20024350006133318,2443.6533254999667,2444.1585354995914,2444.175127999857,2450.5185628999025,2445.940512099769,2449.958194399718,2449.958194399718,2450.459869399667,2450.5185658996925,2450.4599052998237,2443.6533254999667,2450.4599052998237,6.806579799856991,False,
2026-01-20T15:00:10.067959,P20,A,7,12,A_MB07_T246,image,baseline_asym_01,baseline_asymmetric,data/raw/stimuli/polygons/baseline_asymmetric_consolidated.json,A_Random_003,data/raw/stimuli/CAT2000/Random/003.jpg,Random,nan,1987,grid_13,2880,540,32.63520862273857,6.846807837997614,4.0,0.5,10.0,1,2.0,157.04706105708198,,,1920.0,1080.0,0.0,0.0,,,,,,,,,,,,,,,,,,,,,,,,,True,1,2.039061099756509,2450.519321399741,2452.861535999924,2452.874781199731,2459.752558799926,2455.173400099855,2459.1912278998643,2459.1912278998643,2459.693154499866,2459.7525615999475,2459.693186899647,2450.519321399741,2459.693186899647,9.173865499906242,False,
2026-01-20T15:00:16.834563,P20,A,7,13,A_MB07_T247,image,pair_C2_02,pair_C2_chc_vs_bbc_icc,data/raw/stimuli/polygons/pair_com_chc_vs_bbc_icc_02.json,A_Fractal_133,data/raw/stimuli/CAT2000/Fractal/133.jpg,Fractal,nan,1987,grid_21,960,1080,12.049751363346202,13.503472356031734,4.0,0.5,10.0,1,2.0,157.04706105708198,,,1920.0,1080.0,0.0,0.0,,,,,,,,,,,,,,,,,,,,,,,,,True,1,0.20021079992875457,2459.753207499627,2460.258542199619,2460.2745917998254,2466.519558099564,2461.9399774996564,2465.9577123997733,2465.9577123997733,2466.4596494999714,2466.5195609997027,2466.459679399617,2459.753207499627,2466.459679399617,6.706471899989992,False,
2026-01-20T15:00:22.950003,P20,A,7,14,A_MB07_T248,image,iso_icc_01,iso_icc,data/raw/stimuli/polygons/iso_icc_01.json,A_Sketch_177,data/raw/stimuli/CAT2000/Sketch/177.jpg,Sketch,nan,1987,grid_22,1920,1080,23.119020643887126,13.503472356031734,4.0,0.5,10.0,1,2.0,157.04706105708198,,,1920.0,1080.0,0.0,0.0,,,,,,,,,,,,,,,,,,,,,,,,,True,1,0.20022260025143623,2466.520303899888,2467.0245355996303,2467.0410438999534,2472.6345599996857,2468.057425600011,2472.074140599929,2472.074140599929,2472.5758467996493,2472.634562799707,2472.5758797000162,2466.520303899888,2472.5758797000162,6.055575800128281,False,
2026-01-20T15:00:30.417052,P20,A,7,15,A_MB07_T249,image,baseline_asym_01,baseline_asymmetric,data/raw/stimuli/polygons/baseline_asymmetric_consolidated.json,A_Satelite_161,data/raw/stimuli/CAT2000/Satelite/161.jpg,Satelite,nan,1987,grid_23,2880,1080,32.63520862273857,13.503472356031734,4.0,0.5,10.0,1,2.0,157.04706105708198,,,1920.0,1080.0,0.0,0.0,,,,,,,,,,,,,,,,,,,,,,,,,True,1,0.20025070011615753,2472.6353099998087,2473.138535199687,2473.1575405998155,2480.1015586997382,2475.5226241997443,2479.540568999946,2479.540568999946,2480.042101799976,2480.1015614997596,2480.042139200028,2472.6353099998087,2480.042139200028,7.406829200219363,False,
2026-01-20T15:00:38.301360,P20,A,7,16,A_MB07_T250,image,iso_com_03,iso_com,data/raw/stimuli/polygons/iso_com_03.json,A_Random_089,data/raw/stimuli/CAT2000/Random/089.jpg,Random,nan,1987,grid_31,960,1620,12.049751363346202,19.80974465169186,4.0,0.5,10.0,1,2.0,157.04706105708198,,,1920.0,1080.0,0.0,0.0,,,,,,,,,,,,,,,,,,,,,,,,,True,1,1.7561123999767005,2480.102317399811,2482.160536199808,2482.173805099912,2487.9855581996962,2483.4076867997646,2487.4236742998473,2487.4236742998473,2487.925614599604,2487.9855610998347,2487.9256483996287,2480.102317399811,2487.9256483996287,7.823330999817699,False,
2026-01-20T15:00:44.717175,P20,A,7,17,A_MB07_T251,image,iso_icc_03,iso_icc,data/raw/stimuli/polygons/iso_icc_03.json,A_Object_019,data/raw/stimuli/CAT2000/Object/019.jpg,Object,nan,1987,grid_32,1920,1620,23.119020643887126,19.80974465169186,4.0,0.5,10.0,1,2.0,157.04706105708198,,,1920.0,1080.0,0.0,0.0,,,,,,,,,,,,,,,,,,,,,,,,,True,1,0.20022339979186654,2487.9863109998405,2488.489535899833,2488.5069907996804,2494.4015567000024,2489.822605900001,2493.840108799748,2493.840108799748,2494.342017199844,2494.4015593999065,2494.342045399826,2487.9863109998405,2494.342045399826,6.355734399985522,False,
2026-01-20T15:00:52.317247,P20,A,7,18,A_MB07_T252,image,baseline_sym_01,baseline_symmetric,data/raw/stimuli/polygons/baseline_symmetric_consolidated.json,A_Sketch_069,data/raw/stimuli/CAT2000/Sketch/069.jpg,Sketch,nan,1987,grid_33,2880,1620,32.63520862273857,19.80974465169186,4.0,0.5,10.0,1,2.0,157.04706105708198,,,1920.0,1080.0,0.0,0.0,,,,,,,,,,,,,,,,,,,,,,,,,True,1,1.6046307999640703,2494.402200299781,2496.322536899708,2496.3400100995786,2502.00155669963,2497.422696799971,2501.439891899936,2501.439891899936,2501.9418687997386,2502.0015593999997,2501.941899599973,2494.402200299781,2501.941899599973,7.5396993001922965,False,
2026-01-20T15:01:04.564726,P20,A,7,19,A_MB07_T253,image,baseline_sym_01,baseline_symmetric,data/raw/stimuli/polygons/baseline_symmetric_consolidated.json,A_Random_051,data/raw/stimuli/CAT2000/Random/051.jpg,Random,nan,1987,grid_11,960,540,12.049751363346202,6.846807837997614,4.0,0.5,10.0,1,2.0,157.04706105708198,,,1920.0,1080.0,0.0,0.0,,,,,,,,,,,,,,,,,,,,,,,,,True,1,5.188599800225347,2502.0022038999014,2507.494535499718,2507.5063062999398,2514.2495581996627,2509.6712868995965,2513.6893964000046,2513.6893964000046,2514.1909748995677,2514.249560999684,2514.1910043000244,2502.0022038999014,2514.1910043000244,12.188800400123,False,
2026-01-20T15:01:11.082779,P20,A,7,20,A_MB07_T254,image,allfar_concave_01,allfar_concave,data/raw/stimuli/polygons/allfar_concave.json,A_Satelite_153,data/raw/stimuli/CAT2000/Satelite/153.jpg,Satelite,nan,1987,grid_12,1920,540,23.119020643887126,6.846807837997614,4.0,0.5,10.0,1,2.0,157.04706105708198,,,1920.0,1080.0,0.0,0.0,,,,,,,,,,,,,,,,,,,,,,,,,True,1,0.2002664003521204,2514.250311699696,2514.7555370996706,2514.7727868999355,2520.7675625998527,2516.188589199912,2520.205903999973,2520.205903999973,2520.7077919999138,2520.767565899994,2520.7078298996203,2514.250311699696,2520.7078298996203,6.45751819992438,False,
2026-01-20T15:01:19.382518,P20,A,7,21,A_MB07_T255,image,iso_bbc_02,iso_bbc,data/raw/stimuli/polygons/iso_bbc_02.json,A_Random_087,data/raw/stimuli/CAT2000/Random/087.jpg,Random,nan,1987,grid_13,2880,540,32.63520862273857,6.846807837997614,4.0,0.5,10.0,1,2.0,157.04706105708198,,,1920.0,1080.0,0.0,0.0,,,,,,,,,,,,,,,,,,,,,,,,,True,1,2.223087899852544,2520.768348599784,2523.291535299737,2523.3057609000243,2529.0675701997243,2524.489955799654,2528.505655099638,2528.505655099638,2529.007535299752,2529.0675733997487,2529.0075798998587,2520.768348599784,2529.0075798998587,8.239231300074607,False,
2026-01-20T15:01:31.232170,P20,A,7,22,A_MB07_T256,empty,iso_com_03,iso_com,data/raw/stimuli/polygons/iso_com_03.json,nan,nan,nan,nan,1987,grid_21,960,1080,12.049751363346202,13.503472356031734,4.0,0.5,10.0,1,2.0,157.04706105708198,,,1920.0,1080.0,0.0,0.0,,,,,,,,,,,,,,,,,,,,,,,,,True,1,6.839373900089413,2529.068231999874,2536.2085365997627,2536.222023299895,2540.9165598996915,2536.3388853999786,2540.355278099887,2540.355278099887,2540.8571555996314,2540.916562699713,2540.8571925996803,2529.068231999874,2540.8571925996803,11.78896059980616,False,
2026-01-20T15:01:37.749680,P20,A,7,23,A_MB07_T257,empty,pair_C3_02,pair_C3_icc_vs_chc_bbc,data/raw/stimuli/polygons/pair_com_icc_vs_chc_bbc_02.json,nan,nan,nan,nan,1987,grid_22,1920,1080,23.119020643887126,13.503472356031734,4.0,0.5,10.0,1,2.0,157.04706105708198,,,1920.0,1080.0,0.0,0.0,,,,,,,,,,,,,,,,,,,,,,,,,True,1,1.505854899995029,2540.9171765996143,2542.7255401997827,2542.7384808999486,2547.4345568995923,2542.8552427999675,2546.871677799616,2546.871677799616,2547.373271699995,2547.434559499845,2547.373306399677,2540.9171765996143,2547.373306399677,6.456129800062627,False,
2026-01-20T15:01:44.931635,P20,A,7,24,A_MB07_T258,image,baseline_sym_01,baseline_symmetric,data/raw/stimuli/polygons/baseline_symmetric_consolidated.json,A_Satelite_067,data/raw/stimuli/CAT2000/Satelite/067.jpg,Satelite,nan,1987,grid_23,2880,1080,32.63520862273857,13.503472356031734,4.0,0.5,10.0,1,2.0,157.04706105708198,,,1920.0,1080.0,0.0,0.0,,,,,,,,,,,,,,,,,,,,,,,,,True,1,0.2003065999597311,2547.435169799719,2547.935535099823,2547.9550624997355,2554.616559199989,2550.037051399704,2554.054779099766,2554.054779099766,2554.5567284999415,2554.61656200001,2554.556756899692,2547.435169799719,2554.556756899692,7.121587099973112,False,
2026-01-20T15:01:53.665238,P20,A,7,25,A_MB07_T259,image,iso_bbc_01,iso_bbc,data/raw/stimuli/polygons/iso_bbc_01.json,A_Fractal_099,data/raw/stimuli/CAT2000/Fractal/099.jpg,Fractal,nan,1987,grid_31,960,1620,12.049751363346202,19.80974465169186,4.0,0.5,10.0,1,2.0,157.04706105708198,,,1920.0,1080.0,0.0,0.0,,,,,,,,,,,,,,,,,,,,,,,,,True,1,2.4396330998279154,2554.6173135996796,2557.3585358997807,2557.3713891999796,2563.349563599564,2558.770434799604,2562.7878285995685,2562.7878285995685,2563.289874599781,2563.349566699937,2563.28990639979,2554.6173135996796,2563.28990639979,8.672592800110579,False,
2026-01-20T15:02:00.482100,P20,A,7,26,A_MB07_T260,image,iso_icc_03,iso_icc,data/raw/stimuli/polygons/iso_icc_03.json,A_Random_127,data/raw/stimuli/CAT2000/Random/127.jpg,Random,nan,1987,grid_32,1920,1620,23.119020643887126,19.80974465169186,4.0,0.5,10.0,1,2.0,157.04706105708198,,,1920.0,1080.0,0.0,0.0,,,,,,,,,,,,,,,,,,,,,,,,,True,1,0.2002262999303639,2563.3503145999275,2563.854536099825,2563.8711603996344,2570.1665603998117,2565.5865146997385,2569.60427419981,2569.60427419981,2570.106089199893,2570.1665633996017,2570.1061248998158,2563.3503145999275,2570.1061248998158,6.755810299888253,False,
2026-01-20T15:02:08.563534,P20,A,7,27,A_MB07_T261,image,pair_C3_02,pair_C3_icc_vs_chc_bbc,data/raw/stimuli/polygons/pair_com_icc_vs_chc_bbc_02.json,A_Random_069,data/raw/stimuli/CAT2000/Random/069.jpg,Random,nan,1987,grid_33,2880,1620,32.63520862273857,19.80974465169186,4.0,0.5,10.0,1,2.0,157.04706105708198,,,1920.0,1080.0,0.0,0.0,,,,,,,,,,,,,,,,,,,,,,,,,True,1,1.78914749994874,2570.1673251995817,2572.258536099922,2572.270861899946,2578.248558399733,2573.6699811997823,2577.6873764996417,2577.6873764996417,2578.1891753999516,2578.2485611997545,2578.189208699856,2570.1673251995817,2578.189208699856,8.02188350027427,False,
2026-01-20T15:02:14.780310,P20,A,7,28,A_MB07_T262,image,pair_C1_01,pair_C1_bbc_vs_chc_icc,data/raw/stimuli/polygons/pair_com_bbc_vs_chc_icc_01.json,A_Satelite_179,data/raw/stimuli/CAT2000/Satelite/179.jpg,Satelite,nan,1987,grid_11,960,540,12.049751363346202,6.846807837997614,4.0,0.5,10.0,1,2.0,157.04706105708198,,,1920.0,1080.0,0.0,0.0,,,,,,,,,,,,,,,,,,,,,,,,,True,1,0.2002266999334097,2578.249308599625,2578.770536299795,2578.7873389995657,2584.4645597999915,2579.887718899641,2583.9038577997126,2583.9038577997126,2584.4057084997185,2584.4645628998987,2584.4057401996106,2578.249308599625,2584.4057401996106,6.156431599985808,False,
2026-01-20T15:02:21.130395,P20,A,7,29,A_MB07_T263,image,pair_C3_03,pair_C3_icc_vs_chc_bbc,data/raw/stimuli/polygons/pair_com_icc_vs_chc_bbc_03.json,A_Fractal_005,data/raw/stimuli/CAT2000/Fractal/005.jpg,Fractal,nan,1987,grid_12,1920,540,23.119020643887126,6.846807837997614,4.0,0.5,10.0,1,2.0,157.04706105708198,,,1920.0,1080.0,0.0,0.0,,,,,,,,,,,,,,,,,,,,,,,,,True,1,0.20025249989703298,2584.465206099674,2584.9875358999707,2585.0038511999883,2590.8145695999265,2586.2360941995867,2590.2536253998987,2590.2536253998987,2590.755481999833,2590.8145729997195,2590.755512799602,2584.465206099674,2590.755512799602,6.290306699927896,False,
2026-01-20T15:02:29.530570,P20,A,7,30,A_MB07_T264,image,pair_C1_02,pair_C1_bbc_vs_chc_icc,data/raw/stimuli/polygons/pair_com_bbc_vs_chc_icc_02.json,A_Satelite_043,data/raw/stimuli/CAT2000/Satelite/043.jpg,Satelite,nan,1987,grid_13,2880,540,32.63520862273857,6.846807837997614,4.0,0.5,10.0,1,2.0,157.04706105708198,,,1920.0,1080.0,0.0,0.0,,,,,,,,,,,,,,,,,,,,,,,,,True,1,1.9707796997390687,2590.815332699567,2593.0905359997414,2593.1035179998726,2599.2155631999485,2594.6351359998807,2598.6533152996562,2598.6533152996562,2599.155248499941,2599.2155662998557,2599.1552820997313,2590.815332699567,2599.1552820997313,8.339949400164187,False,
2026-01-20T15:02:39.930270,P20,A,7,31,A_MB07_T265,image,iso_icc_02,iso_icc,data/raw/stimuli/polygons/iso_icc_02.json,A_Random_095,data/raw/stimuli/CAT2000/Random/095.jpg,Random,nan,1987,grid_21,960,1080,12.049751363346202,13.503472356031734,4.0,0.5,10.0,1,2.0,157.04706105708198,,,1920.0,1080.0,0.0,0.0,,,,,,,,,,,,,,,,,,,,,,,,,True,1,4.070445300079882,2599.216321999673,2603.5905366996303,2603.6031511998735,2609.614558099769,2605.0356015996076,2609.052955799736,2609.052955799736,2609.554874099791,2609.6145608997904,2609.5549025000073,2599.216321999673,2609.5549025000073,10.338580500334501,False,
2026-01-20T15:02:46.729085,P20,A,7,32,A_MB07_T266,image,iso_icc_02,iso_icc,data/raw/stimuli/polygons/iso_icc_02.json,A_OutdoorNatural_081,data/raw/stimuli/CAT2000/OutdoorNatural/081.jpg,OutdoorNatural,nan,1987,grid_22,1920,1080,23.119020643887126,13.503472356031734,4.0,0.5,10.0,1,2.0,157.04706105708198,,,1920.0,1080.0,0.0,0.0,,,,,,,,,,,,,,,,,,,,,,,,,True,1,0.20026460010558367,2609.6153059997596,2610.119535499718,2610.1363114998676,2616.4135571997613,2611.8347288998775,2615.852855899837,2615.852855899837,2616.3544274996966,2616.4135599997826,2616.3544637998566,2609.6153059997596,2616.3544637998566,6.7391578000970185,False,
2026-01-20T15:02:52.863145,P20,A,7,33,A_MB07_T267,image,iso_icc_03,iso_icc,data/raw/stimuli/polygons/iso_icc_03.json,A_Sketch_051,data/raw/stimuli/CAT2000/Sketch/051.jpg,Sketch,nan,1987,grid_23,2880,1080,32.63520862273857,13.503472356031734,4.0,0.5,10.0,1,2.0,157.04706105708198,,,1920.0,1080.0,0.0,0.0,,,,,,,,,,,,,,,,,,,,,,,,,True,1,0.20027470029890537,2616.4142216998152,2616.917536200024,2616.9361086999997,2622.547559599858,2617.969305999577,2621.9858277998865,2621.9858277998865,2622.487679099664,2622.547562399879,2622.487708899658,2616.4142216998152,2622.487708899658,6.07348719984293,False,
2026-01-20T15:02:59.328970,P20,A,7,34,A_MB07_T268,image,iso_com_01,iso_com,data/raw/stimuli/polygons/iso_com_01.json,A_Satelite_115,data/raw/stimuli/CAT2000/Satelite/115.jpg,Satelite,nan,1987,grid_31,960,1620,12.049751363346202,19.80974465169186,4.0,0.5,10.0,1,2.0,157.04706105708198,,,1920.0,1080.0,0.0,0.0,,,,,,,,,,,,,,,,,,,,,,,,,True,1,0.20022890018299222,2622.548315399792,2623.0495362998918,2623.0692315995693,2629.0135580999777,2624.435400299728,2628.4523307997733,2628.4523307997733,2628.9542425996624,2629.013560899999,2628.9542732997797,2622.548315399792,2628.9542732997797,6.405957899987698,False,
2026-01-20T15:03:12.063392,P20,A,7,35,A_MB07_T269,image,pair_C2_03,pair_C2_chc_vs_bbc_icc,data/raw/stimuli/polygons/pair_com_chc_vs_bbc_icc_03.json,A_Satelite_025,data/raw/stimuli/CAT2000/Satelite/025.jpg,Satelite,nan,1987,grid_32,1920,1620,23.119020643887126,19.80974465169186,4.0,0.5,10.0,1,2.0,157.04706105708198,,,1920.0,1080.0,0.0,0.0,,,,,,,,,,,,,,,,,,,,,,,,,True,1,6.272392100188881,2629.014312000014,2635.591535399668,2635.6021109996364,2641.747560599819,2637.16782079963,2641.185285099782,2641.185285099782,2641.687105599791,2641.7475634999573,2641.6871424997225,2629.014312000014,2641.6871424997225,12.672830499708652,False,
2026-01-20T15:03:17.278822,P20,A,7,36,A_MB07_T270,empty,iso_com_01,iso_com,data/raw/stimuli/polygons/iso_com_01.json,nan,nan,nan,nan,1987,grid_33,2880,1620,32.63520862273857,19.80974465169186,4.0,0.5,10.0,1,2.0,157.04706105708198,,,1920.0,1080.0,0.0,0.0,,,,,,,,,,,,,,,,,,,,,,,,,True,1,0.2002761997282505,2641.7483337000012,2642.251536499709,2642.268616599962,2646.9635578999296,2642.3854678999633,2646.4018397997133,2646.4018397997133,2646.9038107995875,2646.963560699951,2646.9038417995907,2641.7483337000012,2646.9038417995907,5.155508099589497,False,
2026-01-20T15:03:25.429296,P20,A,7,37,A_MB07_T271,image,pair_C3_02,pair_C3_icc_vs_chc_bbc,data/raw/stimuli/polygons/pair_com_icc_vs_chc_bbc_02.json,A_OutdoorNatural_013,data/raw/stimuli/CAT2000/OutdoorNatural/013.jpg,OutdoorNatural,nan,1987,grid_11,960,540,12.049751363346202,6.846807837997614,4.0,0.5,10.0,1,2.0,157.04706105708198,,,1920.0,1080.0,0.0,0.0,,,,,,,,,,,,,,,,,,,,,,,,,True,1,1.5563101000152528,2646.964264899958,2648.8215363998897,2648.835002399981,2655.1135593997315,2650.5337272998877,2654.5515246996656,2654.5515246996656,2655.053292299621,2655.11356229987,2655.0533251999877,2646.964264899958,2655.0533251999877,8.089060300029814,False,
2026-01-20T15:03:33.945021,P20,A,7,38,A_MB07_T272,image,pair_C2_01,pair_C2_chc_vs_bbc_icc,data/raw/stimuli/polygons/pair_com_chc_vs_bbc_icc_01.json,A_Object_129,data/raw/stimuli/CAT2000/Object/129.jpg,Object,nan,1987,grid_12,1920,540,23.119020643887126,6.846807837997614,4.0,0.5,10.0,1,2.0,157.04706105708198,,,1920.0,1080.0,0.0,0.0,,,,,,,,,,,,,,,,,,,,,,,,,True,1,2.0726692997850478,2655.114367999602,2657.4875356997363,2657.5014446997084,2663.6295582000166,2659.050437899772,2663.067874399945,2663.067874399945,2663.5697610997595,2663.6295610996895,2663.569793299772,2655.114367999602,2663.569793299772,8.455425300169736,False,
2026-01-20T15:03:41.795410,P20,A,7,39,A_MB07_T273,image,iso_bbc_02,iso_bbc,data/raw/stimuli/polygons/iso_bbc_02.json,A_Satelite_159,data/raw/stimuli/CAT2000/Satelite/159.jpg,Satelite,nan,1987,grid_13,2880,540,32.63520862273857,6.846807837997614,4.0,0.5,10.0,1,2.0,157.04706105708198,,,1920.0,1080.0,0.0,0.0,,,,,,,,,,,,,,,,,,,,,,,,,True,1,1.6897440999746323,2663.630323200021,2665.62154119974,2665.6344587998465,2671.4795824997127,2666.900823299773,2670.91770239966,2670.91770239966,2671.419387199916,2671.479586399626,2671.4194266996346,2663.630323200021,2671.4194266996346,7.789103499613702,False,
2026-01-20T15:04:45.924710,P20,A,8,1,A_MB08_T274,image,iso_com_02,iso_com,data/raw/stimuli/polygons/iso_com_02.json,A_Object_009,data/raw/stimuli/CAT2000/Object/009.jpg,Object,nan,1987,grid_21,960,1080,12.049751363346202,13.503472356031734,4.0,0.5,10.0,1,2.0,157.04706105708198,,,1920.0,1080.0,0.0,0.0,,,,,,,,,,,,,,,,,,,,,,,,,True,1,0.2002305001951754,2729.2681774999946,2729.7845355998725,2729.7991040996276,2735.6095624999143,2731.0318747996353,2735.0488612996414,2735.0488612996414,2735.5503932996653,2735.6095654997043,2735.5504273995757,2729.2681774999946,2735.5504273995757,6.282249899581075,False,
2026-01-20T15:04:52.393751,P20,A,8,2,A_MB08_T275,image,iso_bbc_01,iso_bbc,data/raw/stimuli/polygons/iso_bbc_01.json,A_OutdoorNatural_153,data/raw/stimuli/CAT2000/OutdoorNatural/153.jpg,OutdoorNatural,nan,1987,grid_22,1920,1080,23.119020643887126,13.503472356031734,4.0,0.5,10.0,1,2.0,157.04706105708198,,,1920.0,1080.0,0.0,0.0,,,,,,,,,,,,,,,,,,,,,,,,,True,1,0.2002305001951754,2735.6103205997497,2736.1155361998826,2736.1321719000116,2742.078564599622,2737.498164499644,2741.5153261995874,2741.5153261995874,2742.0173323997296,2742.0785677996464,2742.0173692996614,2735.6103205997497,2742.0173692996614,6.407048699911684,False,
2026-01-20T15:04:58.841099,P20,A,8,3,A_MB08_T276,image,iso_bbc_03,iso_bbc,data/raw/stimuli/polygons/iso_bbc_03.json,A_Satelite_133,data/raw/stimuli/CAT2000/Satelite/133.jpg,Satelite,nan,1987,grid_23,2880,1080,32.63520862273857,13.503472356031734,4.0,0.5,10.0,1,2.0,157.04706105708198,,,1920.0,1080.0,0.0,0.0,,,,,,,,,,,,,,,,,,,,,,,,,True,1,0.20023469999432564,2742.0793204996735,2742.582535999827,2742.598624599632,2748.5255597997457,2743.947618099861,2747.965117499698,2747.965117499698,2748.4670710996725,2748.525562699884,2748.467102000024,2742.0793204996735,2748.467102000024,6.387781500350684,False,
2026-01-20T15:05:36.240109,P20,A,8,4,A_MB08_T277,empty,iso_chc_02,iso_chc,data/raw/stimuli/polygons/iso_chc_02.json,nan,nan,nan,nan,1987,grid_31,960,1620,12.049751363346202,19.80974465169186,4.0,0.5,10.0,1,2.0,157.04706105708198,,,1920.0,1080.0,0.0,0.0,,,,,,,,,,,,,,,,,,,,,,,,,True,1,32.38796420022845,2748.526318699587,2781.2165375999175,2781.230648999568,2785.9245578995906,2781.347537699621,2785.363916900009,2785.363916900009,2785.865501499735,2785.924560399726,2785.8655369998887,2748.526318699587,2785.8655369998887,37.33921830030158,False,
2026-01-20T15:05:43.123809,P20,A,8,5,A_MB08_T278,image,iso_icc_01,iso_icc,data/raw/stimuli/polygons/iso_icc_01.json,A_Satelite_077,data/raw/stimuli/CAT2000/Satelite/077.jpg,Satelite,nan,1987,grid_32,1920,1620,23.119020643887126,19.80974465169186,4.0,0.5,10.0,1,2.0,157.04706105708198,,,1920.0,1080.0,0.0,0.0,,,,,,,,,,,,,,,,,,,,,,,,,True,1,0.2002153000794351,2785.925185699947,2786.4305356997065,2786.447185399942,2792.8085615998134,2788.2292525996454,2792.2470046998933,2792.2470046998933,2792.7486264999025,2792.8085643998347,2792.7486573997885,2785.925185699947,2792.7486573997885,6.8234716998413205,False,
2026-01-20T15:05:49.208100,P20,A,8,6,A_MB08_T279,image,iso_chc_01,iso_chc,data/raw/stimuli/polygons/iso_chc_01.json,A_Sketch_047,data/raw/stimuli/CAT2000/Sketch/047.jpg,Sketch,nan,1987,grid_33,2880,1620,32.63520862273857,19.80974465169186,4.0,0.5,10.0,1,2.0,157.04706105708198,,,1920.0,1080.0,0.0,0.0,,,,,,,,,,,,,,,,,,,,,,,,,True,1,0.20023120008409023,2792.80933169974,2793.314536700025,2793.3303063996136,2798.892559599597,2794.3133634999394,2798.3301274999976,2798.3301274999976,2798.832134399563,2798.8925624997355,2798.8321678997017,2792.80933169974,2798.8321678997017,6.022836199961603,False,
2026-01-20T15:05:55.840188,P20,A,8,7,A_MB08_T280,image,pair_C1_02,pair_C1_bbc_vs_chc_icc,data/raw/stimuli/polygons/pair_com_bbc_vs_chc_icc_02.json,A_Random_165,data/raw/stimuli/CAT2000/Random/165.jpg,Random,nan,1987,grid_11,960,540,12.049751363346202,6.846807837997614,4.0,0.5,10.0,1,2.0,157.04706105708198,,,1920.0,1080.0,0.0,0.0,,,,,,,,,,,,,,,,,,,,,,,,,True,1,0.2002671998925507,2798.8932525999844,2799.3975356998853,2799.4134580995888,2805.5245734998025,2800.9456312996335,2804.9632242997177,2804.9632242997177,2805.464953399729,2805.5245765997097,2805.46499499958,2798.8932525999844,2805.46499499958,6.571742399595678,False,
2026-01-20T15:06:02.474972,P20,A,8,8,A_MB08_T281,image,iso_chc_03,iso_chc,data/raw/stimuli/polygons/iso_chc_03.json,A_OutdoorNatural_011,data/raw/stimuli/CAT2000/OutdoorNatural/011.jpg,OutdoorNatural,nan,1987,grid_12,1920,540,23.119020643887126,6.846807837997614,4.0,0.5,10.0,1,2.0,157.04706105708198,,,1920.0,1080.0,0.0,0.0,,,,,,,,,,,,,,,,,,,,,,,,,True,1,0.2002609996125102,2805.5253449999727,2806.0305356997997,2806.046538299881,2812.1595579995774,2807.5783972996287,2811.5963340997696,2811.5963340997696,2812.0979806999676,2812.159560899716,2812.0980108999647,2805.5253449999727,2812.0980108999647,6.572665899991989,False,
2026-01-20T15:06:08.606812,P20,A,8,9,A_MB08_T282,image,pair_C2_01,pair_C2_chc_vs_bbc_icc,data/raw/stimuli/polygons/pair_com_chc_vs_bbc_icc_01.json,A_Sketch_117,data/raw/stimuli/CAT2000/Sketch/117.jpg,Sketch,nan,1987,grid_13,2880,540,32.63520862273857,6.846807837997614,4.0,0.5,10.0,1,2.0,157.04706105708198,,,1920.0,1080.0,0.0,0.0,,,,,,,,,,,,,,,,,,,,,,,,,True,1,0.20029350044205785,2812.1603064998053,2812.662537300028,2812.6796773998067,2818.291558200028,2813.7132180999033,2817.729480299633,2817.729480299633,2818.231320399791,2818.291560899932,2818.231351599563,2812.1603064998053,2818.231351599563,6.071045099757612,False,
2026-01-20T15:06:16.188367,P20,A,8,10,A_MB08_T283,image,baseline_sym_01,baseline_symmetric,data/raw/stimuli/polygons/baseline_symmetric_consolidated.json,A_Object_105,data/raw/stimuli/CAT2000/Object/105.jpg,Object,nan,1987,grid_21,960,1080,12.049751363346202,13.503472356031734,4.0,0.5,10.0,1,2.0,157.04706105708198,,,1920.0,1080.0,0.0,0.0,,,,,,,,,,,,,,,,,,,,,,,,,True,1,0.2002191999927163,2818.292200299911,2818.796535599977,2818.81284199981,2825.8725569997914,2821.294499799609,2825.3125428999774,2825.3125428999774,2825.8143596998416,2825.8725596996956,2825.8143908996135,2818.292200299911,2825.8143908996135,7.522190599702299,False,
2026-01-20T15:06:22.921535,P20,A,8,11,A_MB08_T284,image,pair_C3_02,pair_C3_icc_vs_chc_bbc,data/raw/stimuli/polygons/pair_com_icc_vs_chc_bbc_02.json,A_Satelite_005,data/raw/stimuli/CAT2000/Satelite/005.jpg,Satelite,nan,1987,grid_22,1920,1080,23.119020643887126,13.503472356031734,4.0,0.5,10.0,1,2.0,157.04706105708198,,,1920.0,1080.0,0.0,0.0,,,,,,,,,,,,,,,,,,,,,,,,,True,1,0.20024399971589446,2825.873201199807,2826.395535499789,2826.4125455999747,2832.606559999753,2828.027616499923,2832.0456546000205,2832.0456546000205,2832.547501699999,2832.6065630000085,2832.547538699582,2825.873201199807,2832.547538699582,6.6743374997749925,False,
2026-01-20T15:06:31.907291,P20,A,8,12,A_MB08_T285,image,iso_com_03,iso_com,data/raw/stimuli/polygons/iso_com_03.json,A_Sketch_133,data/raw/stimuli/CAT2000/Sketch/133.jpg,Sketch,nan,1987,grid_23,2880,1080,32.63520862273857,13.503472356031734,4.0,0.5,10.0,1,2.0,157.04706105708198,,,1920.0,1080.0,0.0,0.0,,,,,,,,,,,,,,,,,,,,,,,,,True,1,3.1405414999462664,2832.607322999742,2836.05753599992,2836.078901199624,2841.59156409977,2837.012727699708,2841.0287112998776,2841.0287112998776,2841.5306336996146,2841.5915669999085,2841.5306685999967,2832.607322999742,2841.5306685999967,8.923345600254834,False,
2026-01-20T15:06:39.704572,P20,A,8,13,A_MB08_T286,image,iso_chc_03,iso_chc,data/raw/stimuli/polygons/iso_chc_03.json,A_Object_107,data/raw/stimuli/CAT2000/Object/107.jpg,Object,nan,1987,grid_31,960,1620,12.049751363346202,19.80974465169186,4.0,0.5,10.0,1,2.0,157.04706105708198,,,1920.0,1080.0,0.0,0.0,,,,,,,,,,,,,,,,,,,,,,,,,True,1,1.6562473000958562,2841.5923207998276,2843.5495365997776,2843.5619881995954,2849.3895627995953,2844.810249199625,2848.8284787000157,2848.8284787000157,2849.330282599665,2849.389566299971,2849.330313799903,2841.5923207998276,2849.330313799903,7.737993000075221,False,
2026-01-20T15:06:46.039087,P20,A,8,14,A_MB08_T287,image,pair_C3_01,pair_C3_icc_vs_chc_bbc,data/raw/stimuli/polygons/pair_com_icc_vs_chc_bbc_01.json,A_Random_187,data/raw/stimuli/CAT2000/Random/187.jpg,Random,nan,1987,grid_32,1920,1620,23.119020643887126,19.80974465169186,4.0,0.5,10.0,1,2.0,157.04706105708198,,,1920.0,1080.0,0.0,0.0,,,,,,,,,,,,,,,,,,,,,,,,,True,1,0.20027829986065626,2849.3902154997922,2849.895535599906,2849.911778499838,2855.7235580999404,2851.1444150996394,2855.1615920998156,2855.1615920998156,2855.6634386000223,2855.7235609996133,2855.663473899942,2849.3902154997922,2855.663473899942,6.273258400149643,False,
2026-01-20T15:06:53.838967,P20,A,8,15,A_MB08_T288,image,iso_icc_02,iso_icc,data/raw/stimuli/polygons/iso_icc_02.json,A_Fractal_127,data/raw/stimuli/CAT2000/Fractal/127.jpg,Fractal,nan,1987,grid_33,2880,1620,32.63520862273857,19.80974465169186,4.0,0.5,10.0,1,2.0,157.04706105708198,,,1920.0,1080.0,0.0,0.0,,,,,,,,,,,,,,,,,,,,,,,,,True,1,1.0561216999776661,2855.7242999998853,2857.0815363000147,2857.0948538999073,2863.523557999637,2858.943397899624,2862.9613261995837,2862.9613261995837,2863.4629951999523,2863.5235607996583,2863.463025899604,2855.7242999998853,2863.463025899604,7.738725899718702,False,
2026-01-20T15:07:02.071138,P20,A,8,16,A_MB08_T289,image,iso_chc_01,iso_chc,data/raw/stimuli/polygons/iso_chc_01.json,A_Satelite_121,data/raw/stimuli/CAT2000/Satelite/121.jpg,Satelite,nan,1987,grid_11,960,540,12.049751363346202,6.846807837997614,4.0,0.5,10.0,1,2.0,157.04706105708198,,,1920.0,1080.0,0.0,0.0,,,,,,,,,,,,,,,,,,,,,,,,,True,1,1.9391692001372576,2863.5242108996026,2865.763536799699,2865.7779198000208,2871.7555569997057,2867.176548999734,2871.1944649997167,2871.1944649997167,2871.6961881997995,2871.755559799727,2871.696220399812,2863.5242108996026,2871.696220399812,8.172009500209242,False,
2026-01-20T15:07:08.971117,P20,A,8,17,A_MB08_T290,empty,pair_C3_01,pair_C3_icc_vs_chc_bbc,data/raw/stimuli/polygons/pair_com_icc_vs_chc_bbc_01.json,nan,nan,nan,nan,1987,grid_12,1920,540,23.119020643887126,6.846807837997614,4.0,0.5,10.0,1,2.0,157.04706105708198,,,1920.0,1080.0,0.0,0.0,,,,,,,,,,,,,,,,,,,,,,,,,True,1,1.8872659001499414,2871.756205599755,2873.9475377998315,2873.960959599819,2878.6555660995655,2874.077856199816,2878.094242599793,2878.094242599793,2878.596291599795,2878.655569399707,2878.596328099724,2871.756205599755,2878.596328099724,6.840122499968857,False,
2026-01-20T15:07:16.071781,P20,A,8,18,A_MB08_T291,image,iso_com_01,iso_com,data/raw/stimuli/polygons/iso_com_01.json,A_Sketch_041,data/raw/stimuli/CAT2000/Sketch/041.jpg,Sketch,nan,1987,grid_13,2880,540,32.63520862273857,6.846807837997614,4.0,0.5,10.0,1,2.0,157.04706105708198,,,1920.0,1080.0,0.0,0.0,,,,,,,,,,,,,,,,,,,,,,,,,True,1,1.2400412000715733,2878.656288899947,2880.197536399588,2880.210777799599,2885.756559500005,2881.1768409996293,2885.193906100001,2885.193906100001,2885.695350599941,2885.756562499795,2885.695383699611,2878.656288899947,2885.695383699611,7.0390947996638715,False,
2026-01-20T15:07:22.221221,P20,A,8,19,A_MB08_T292,image,iso_com_03,iso_com,data/raw/stimuli/polygons/iso_com_03.json,A_Object_139,data/raw/stimuli/CAT2000/Object/139.jpg,Object,nan,1987,grid_21,960,1080,12.049751363346202,13.503472356031734,4.0,0.5,10.0,1,2.0,157.04706105708198,,,1920.0,1080.0,0.0,0.0,,,,,,,,,,,,,,,,,,,,,,,,,True,1,0.20023859990760684,2885.7573163998313,2886.2595355999656,2886.2772351996973,2891.905556499958,2887.327339399606,2891.343717499636,2891.343717499636,2891.845642599743,2891.905559199862,2891.845673099626,2885.7573163998313,2891.845673099626,6.088356699794531,False,
2026-01-20T15:07:28.787772,P20,A,8,20,A_MB08_T293,image,pair_C3_01,pair_C3_icc_vs_chc_bbc,data/raw/stimuli/polygons/pair_com_icc_vs_chc_bbc_01.json,A_Fractal_015,data/raw/stimuli/CAT2000/Fractal/015.jpg,Fractal,nan,1987,grid_22,1920,1080,23.119020643887126,13.503472356031734,4.0,0.5,10.0,1,2.0,157.04706105708198,,,1920.0,1080.0,0.0,0.0,,,,,,,,,,,,,,,,,,,,,,,,,True,1,0.20023790001869202,2891.906195999589,2892.4095359998755,2892.427075000014,2898.4725583996624,2893.892690499779,2897.9101724997163,2897.9101724997163,2898.4121027998626,2898.4725611996837,2898.4121343996376,2891.906195999589,2898.4121343996376,6.505938400048763,False,
2026-01-20T15:07:35.986519,P20,A,8,21,A_MB08_T294,image,baseline_asym_01,baseline_asymmetric,data/raw/stimuli/polygons/baseline_asymmetric_consolidated.json,A_Object_135,data/raw/stimuli/CAT2000/Object/135.jpg,Object,nan,1987,grid_23,2880,1080,32.63520862273857,13.503472356031734,4.0,0.5,10.0,1,2.0,157.04706105708198,,,1920.0,1080.0,0.0,0.0,,,,,,,,,,,,,,,,,,,,,,,,,True,1,0.2002360001206398,2898.473309799563,2898.976535799913,2898.9935348997824,2905.671558899805,2901.091918999795,2905.109944100026,2905.109944100026,2905.611791399773,2905.6715616998263,2905.6118220998906,2898.473309799563,2905.6118220998906,7.13851230032742,False,
2026-01-20T15:07:44.003776,P20,A,8,22,A_MB08_T295,image,iso_bbc_01,iso_bbc,data/raw/stimuli/polygons/iso_bbc_01.json,A_Random_099,data/raw/stimuli/CAT2000/Random/099.jpg,Random,nan,1987,grid_31,960,1620,12.049751363346202,19.80974465169186,4.0,0.5,10.0,1,2.0,157.04706105708198,,,1920.0,1080.0,0.0,0.0,,,,,,,,,,,,,,,,,,,,,,,,,True,1,1.8731371001340449,2905.6723106997088,2907.846536899917,2907.8598461998627,2913.6885585999116,2909.1094030998647,2913.1263260999694,2913.1263260999694,2913.628293399699,2913.6885614995845,2913.6283267997205,2905.6723106997088,2913.6283267997205,7.956016100011766,False,
2026-01-20T15:07:52.803734,P20,A,8,23,A_MB08_T296,image,baseline_asym_01,baseline_asymmetric,data/raw/stimuli/polygons/baseline_asymmetric_consolidated.json,A_Satelite_073,data/raw/stimuli/CAT2000/Satelite/073.jpg,Satelite,nan,1987,grid_32,1920,1620,23.119020643887126,19.80974465169186,4.0,0.5,10.0,1,2.0,157.04706105708198,,,1920.0,1080.0,0.0,0.0,,,,,,,,,,,,,,,,,,,,,,,,,True,1,2.339233700186014,2913.689312499948,2916.330535999965,2916.342893399764,2922.488563499879,2917.9084268999286,2921.9260895997286,2921.9260895997286,2922.428061899729,2922.4885666999035,2922.4280906999484,2913.689312499948,2922.4280906999484,8.738778200000525,False,
2026-01-20T15:07:58.970223,P20,A,8,24,A_MB08_T297,image,allfar_intermediate_01,allfar_intermediate,data/raw/stimuli/polygons/allfar_intermediate.json,A_Sketch_135,data/raw/stimuli/CAT2000/Sketch/135.jpg,Sketch,nan,1987,grid_33,2880,1620,32.63520862273857,19.80974465169186,4.0,0.5,10.0,1,2.0,157.04706105708198,,,1920.0,1080.0,0.0,0.0,,,,,,,,,,,,,,,,,,,,,,,,,True,1,0.2002988001331687,2922.4893391998485,2922.992537799757,2923.0094297998585,2928.654581999872,2924.076692099683,2928.0925164995715,2928.0925164995715,2928.59433349967,2928.654585899785,2928.594391099643,2922.4893391998485,2928.594391099643,6.105051899794489,False,
2026-01-20T15:08:05.220315,P20,A,8,25,A_MB08_T298,image,pair_C2_03,pair_C2_chc_vs_bbc_icc,data/raw/stimuli/polygons/pair_com_chc_vs_bbc_icc_03.json,A_Object_191,data/raw/stimuli/CAT2000/Object/191.jpg,Object,nan,1987,grid_11,960,540,12.049751363346202,6.846807837997614,4.0,0.5,10.0,1,2.0,157.04706105708198,,,1920.0,1080.0,0.0,0.0,,,,,,,,,,,,,,,,,,,,,,,,,True,1,0.2002189001068473,2928.6553603997454,2929.1585358995944,2929.1758363000117,2934.904558299575,2930.3255166998133,2934.3423458999023,2934.3423458999023,2934.844255699776,2934.9045610995963,2934.8442885996774,2928.6553603997454,2934.8442885996774,6.188928199931979,False,
2026-01-20T15:08:11.702304,P20,A,8,26,A_MB08_T299,image,iso_icc_01,iso_icc,data/raw/stimuli/polygons/iso_icc_01.json,A_OutdoorNatural_091,data/raw/stimuli/CAT2000/OutdoorNatural/091.jpg,OutdoorNatural,nan,1987,grid_12,1920,540,23.119020643887126,6.846807837997614,4.0,0.5,10.0,1,2.0,157.04706105708198,,,1920.0,1080.0,0.0,0.0,,,,,,,,,,,,,,,,,,,,,,,,,True,1,0.20026540011167526,2934.905313299969,2935.4085355997086,2935.4257409996353,2941.3865594998933,2936.8077260996215,2940.825448999647,2940.825448999647,2941.326973099727,2941.3865621997975,2941.327007399872,2934.905313299969,2941.327007399872,6.421694099903107,False,
2026-01-20T15:08:19.887255,P20,A,8,27,A_MB08_T300,image,iso_icc_01,iso_icc,data/raw/stimuli/polygons/iso_icc_01.json,A_Random_007,data/raw/stimuli/CAT2000/Random/007.jpg,Random,nan,1987,grid_13,2880,540,32.63520862273857,6.846807837997614,4.0,0.5,10.0,1,2.0,157.04706105708198,,,1920.0,1080.0,0.0,0.0,,,,,,,,,,,,,,,,,,,,,,,,,True,1,1.6039821999147534,2941.387311299797,2943.294536399655,2943.308689699974,2949.571558699943,2944.99053409975,2949.008479699958,2949.008479699958,2949.5101755997166,2949.5715614999644,2949.510206299834,2941.387311299797,2949.510206299834,8.122895000036806,False,
2026-01-20T15:08:25.985955,P20,A,8,28,A_MB08_T301,empty,iso_icc_02,iso_icc,data/raw/stimuli/polygons/iso_icc_02.json,nan,nan,nan,nan,1987,grid_21,960,1080,12.049751363346202,13.503472356031734,4.0,0.5,10.0,1,2.0,157.04706105708198,,,1920.0,1080.0,0.0,0.0,,,,,,,,,,,,,,,,,,,,,,,,,True,1,1.0894033997319639,2949.572303299792,2950.961536299903,2950.975102499593,2955.6705632996745,2951.0919547998346,2955.1083801998757,2955.1083801998757,2955.61027559964,2955.670566199813,2955.61030619964,2949.572303299792,2955.61030619964,6.038002899847925,False,
2026-01-20T15:08:32.067905,P20,A,8,29,A_MB08_T302,image,allfar_convex_01,allfar_convex,data/raw/stimuli/polygons/allfar_convex.json,A_Sketch_089,data/raw/stimuli/CAT2000/Sketch/089.jpg,Sketch,nan,1987,grid_22,1920,1080,23.119020643887126,13.503472356031734,4.0,0.5,10.0,1,2.0,157.04706105708198,,,1920.0,1080.0,0.0,0.0,,,,,,,,,,,,,,,,,,,,,,,,,True,1,0.2002492998726666,2955.671278499998,2956.1755379997194,2956.1916519999504,2961.7525622998364,2957.175088699907,2961.1914323000237,2961.1914323000237,2961.6929277996533,2961.7525653997436,2961.692957099993,2955.671278499998,2961.692957099993,6.02167859999463,False,
2026-01-20T15:08:43.334139,P20,A,8,30,A_MB08_T303,image,baseline_rect_01,baseline_rectangle,data/raw/stimuli/polygons/baseline_rectangle.json,A_Fractal_003,data/raw/stimuli/CAT2000/Fractal/003.jpg,Fractal,nan,1987,grid_23,2880,1080,32.63520862273857,13.503472356031734,4.0,0.5,10.0,1,2.0,157.04706105708198,,,1920.0,1080.0,0.0,0.0,,,,,,,,,,,,,,,,,,,,,,,,,True,1,2.7039407999254763,2961.753328199964,2964.761537299957,2964.7746826997027,2973.018590999767,2968.4398676999845,2972.4577670996077,2972.4577670996077,2972.959492399823,2973.018595099915,2972.959524799604,2961.753328199964,2972.959524799604,11.206196599639952,False,
2026-01-20T15:08:51.917531,P20,A,8,31,A_MB08_T304,image,iso_com_03,iso_com,data/raw/stimuli/polygons/iso_com_03.json,A_Fractal_185,data/raw/stimuli/CAT2000/Fractal/185.jpg,Fractal,nan,1987,grid_31,960,1620,12.049751363346202,19.80974465169186,4.0,0.5,10.0,1,2.0,157.04706105708198,,,1920.0,1080.0,0.0,0.0,,,,,,,,,,,,,,,,,,,,,,,,,True,1,2.290620899759233,2973.0193998999894,2975.625536199659,2975.6409686999395,2981.6025622999296,2977.0228177998215,2981.0408038999885,2981.0408038999885,2981.5426159999333,2981.6025652997196,2981.5426471997052,2973.0193998999894,2981.5426471997052,8.523247299715877,False,
2026-01-20T15:09:00.967106,P20,A,8,32,A_MB08_T305,image,iso_icc_01,iso_icc,data/raw/stimuli/polygons/iso_icc_01.json,A_Object_121,data/raw/stimuli/CAT2000/Object/121.jpg,Object,nan,1987,grid_32,1920,1620,23.119020643887126,19.80974465169186,4.0,0.5,10.0,1,2.0,157.04706105708198,,,1920.0,1080.0,0.0,0.0,,,,,,,,,,,,,,,,,,,,,,,,,True,1,2.6729387999512255,2981.6033220998943,2984.5775357997045,2984.5906371995807,2990.6515597999096,2986.0725314999,2990.090480600018,2990.090480600018,2990.5921229999512,2990.6515626995824,2990.592153399717,2981.6033220998943,2990.592153399717,8.988831299822778,False,
2026-01-20T15:09:07.150996,P20,A,8,33,A_MB08_T306,image,pair_C2_02,pair_C2_chc_vs_bbc_icc,data/raw/stimuli/polygons/pair_com_chc_vs_bbc_icc_02.json,A_Sketch_061,data/raw/stimuli/CAT2000/Sketch/061.jpg,Sketch,nan,1987,grid_33,2880,1620,32.63520862273857,19.80974465169186,4.0,0.5,10.0,1,2.0,157.04706105708198,,,1920.0,1080.0,0.0,0.0,,,,,,,,,,,,,,,,,,,,,,,,,True,1,0.20024310005828738,2990.65232559992,2991.157535399776,2991.1738144997507,2996.8355612996966,2992.2569763995707,2996.273865999654,2996.273865999654,2996.7755234995857,2996.835564099718,2996.775559199974,2990.65232559992,2996.775559199974,6.123233600053936,False,
2026-01-20T15:09:14.716946,P20,A,8,34,A_MB08_T307,image,allfar_convex_01,allfar_convex,data/raw/stimuli/polygons/allfar_convex.json,A_Sketch_115,data/raw/stimuli/CAT2000/Sketch/115.jpg,Sketch,nan,1987,grid_11,960,540,12.049751363346202,6.846807837997614,4.0,0.5,10.0,1,2.0,157.04706105708198,,,1920.0,1080.0,0.0,0.0,,,,,,,,,,,,,,,,,,,,,,,,,True,1,1.6718389000743628,2996.836353600025,2998.8095371997915,2998.8235210999846,3004.401557299774,2999.8240422997624,3003.8400441999547,3003.8400441999547,3004.341677799821,3004.4015600997955,3004.3417084999382,2996.836353600025,3004.3417084999382,7.505354899913073,False,
2026-01-20T15:09:24.799038,P20,A,8,35,A_MB08_T308,image,baseline_sym_01,baseline_symmetric,data/raw/stimuli/polygons/baseline_symmetric_consolidated.json,A_Fractal_157,data/raw/stimuli/CAT2000/Fractal/157.jpg,Fractal,nan,1987,grid_12,1920,540,23.119020643887126,6.846807837997614,4.0,0.5,10.0,1,2.0,157.04706105708198,,,1920.0,1080.0,0.0,0.0,,,,,,,,,,,,,,,,,,,,,,,,,True,1,2.6545432000420988,3004.402230599895,3007.360536099877,3007.373303100001,3014.483558799606,3009.9051645998843,3013.923065099865,3013.923065099865,3014.4248440996744,3014.4835616997443,3014.4248738996685,3004.402230599895,3014.4248738996685,10.022643299773335,False,
2026-01-20T15:09:38.782561,P20,A,8,36,A_MB08_T309,image,baseline_rect_01,baseline_rectangle,data/raw/stimuli/polygons/baseline_rectangle.json,A_OutdoorNatural_179,data/raw/stimuli/CAT2000/OutdoorNatural/179.jpg,OutdoorNatural,nan,1987,grid_13,2880,540,32.63520862273857,6.846807837997614,4.0,0.5,10.0,1,2.0,157.04706105708198,,,1920.0,1080.0,0.0,0.0,,,,,,,,,,,,,,,,,,,,,,,,,True,1,6.60541329998523,3014.4843269996345,3021.399538199883,3021.4228014997207,3028.4675614996813,3023.8880851999857,3027.905955199618,3027.905955199618,3028.4078462999314,3028.467564499937,3028.407877799589,3014.4843269996345,3028.407877799589,13.923550799954683,False,
2026-01-20T15:09:48.749576,P20,A,8,37,A_MB08_T310,image,pair_C3_03,pair_C3_icc_vs_chc_bbc,data/raw/stimuli/polygons/pair_com_icc_vs_chc_bbc_03.json,A_Satelite_013,data/raw/stimuli/CAT2000/Satelite/013.jpg,Satelite,nan,1987,grid_21,960,1080,12.049751363346202,13.503472356031734,4.0,0.5,10.0,1,2.0,157.04706105708198,,,1920.0,1080.0,0.0,0.0,,,,,,,,,,,,,,,,,,,,,,,,,True,1,3.8867385000921786,3028.468258399982,3032.659536199644,3032.67241919972,3038.434559599962,3033.855177299585,3037.8722500996664,3037.8722500996664,3038.3741004997864,3038.4345623999834,3038.3741310997866,3028.468258399982,3038.3741310997866,9.905872699804604,False,
2026-01-20T15:09:55.449913,P20,A,8,38,A_MB08_T311,image,pair_C1_02,pair_C1_bbc_vs_chc_icc,data/raw/stimuli/polygons/pair_com_bbc_vs_chc_icc_02.json,A_OutdoorNatural_119,data/raw/stimuli/CAT2000/OutdoorNatural/119.jpg,OutdoorNatural,nan,1987,grid_22,1920,1080,23.119020643887126,13.503472356031734,4.0,0.5,10.0,1,2.0,157.04706105708198,,,1920.0,1080.0,0.0,0.0,,,,,,,,,,,,,,,,,,,,,,,,,True,1,0.2002449999563396,3038.435315699782,3038.939535900019,3038.955558599904,3045.1345587996766,3040.5535745997913,3044.5720376996323,3044.5720376996323,3045.0740429996513,3045.134561599698,3045.074076099787,3038.435315699782,3045.074076099787,6.638760400004685,False,
2026-01-20T15:10:02.382178,P20,A,8,39,A_MB08_T312,image,iso_icc_01,iso_icc,data/raw/stimuli/polygons/iso_icc_01.json,A_Fractal_095,data/raw/stimuli/CAT2000/Fractal/095.jpg,Fractal,nan,1987,grid_23,2880,1080,32.63520862273857,13.503472356031734,4.0,0.5,10.0,1,2.0,157.04706105708198,,,1920.0,1080.0,0.0,0.0,,,,,,,,,,,,,,,,,,,,,,,,,True,1,0.20024789962917566,3045.135314199608,3045.636535299942,3045.655355799943,3052.066557099577,3047.4872863995843,3051.5051579996943,3051.5051579996943,3052.006918299943,3052.066559799947,3052.006948399823,3045.135314199608,3052.006948399823,6.87163420021534,False,
2026-01-20T15:11:03.548018,P20,A,9,1,A_MB09_T313,image,iso_chc_02,iso_chc,data/raw/stimuli/polygons/iso_chc_02.json,A_OutdoorNatural_027,data/raw/stimuli/CAT2000/OutdoorNatural/027.jpg,OutdoorNatural,nan,1987,grid_31,960,1620,12.049751363346202,19.80974465169186,4.0,0.5,10.0,1,2.0,157.04706105708198,,,1920.0,1080.0,0.0,0.0,,,,,,,,,,,,,,,,,,,,,,,,,True,1,0.20023340033367276,3106.705696299672,3107.2165353000164,3107.236656199675,3113.2325594997965,3108.6524479999207,3112.669844799675,3112.669844799675,3113.171744399704,3113.232562299818,3113.1717769997194,3106.705696299672,3113.1717769997194,6.466080700047314,False,
2026-01-20T15:11:10.213020,P20,A,9,2,A_MB09_T314,image,pair_C2_01,pair_C2_chc_vs_bbc_icc,data/raw/stimuli/polygons/pair_com_chc_vs_bbc_icc_01.json,A_Random_037,data/raw/stimuli/CAT2000/Random/037.jpg,Random,nan,1987,grid_32,1920,1620,23.119020643887126,19.80974465169186,4.0,0.5,10.0,1,2.0,157.04706105708198,,,1920.0,1080.0,0.0,0.0,,,,,,,,,,,,,,,,,,,,,,,,,True,1,0.200248499866575,3113.233315499965,3113.734540699981,3113.753164399881,3119.897559899837,3115.3189905998297,3119.3362646996975,3119.3362646996975,3119.838173300028,3119.897562699858,3119.8382066995837,3113.233315499965,3119.8382066995837,6.604891199618578,False,
2026-01-20T15:11:18.645030,P20,A,9,3,A_MB09_T315,image,iso_bbc_03,iso_bbc,data/raw/stimuli/polygons/iso_bbc_03.json,A_OutdoorNatural_073,data/raw/stimuli/CAT2000/OutdoorNatural/073.jpg,OutdoorNatural,nan,1987,grid_33,2880,1620,32.63520862273857,19.80974465169186,4.0,0.5,10.0,1,2.0,157.04706105708198,,,1920.0,1080.0,0.0,0.0,,,,,,,,,,,,,,,,,,,,,,,,,True,1,2.155803699977696,3119.8983135996386,3122.3755409996957,3122.3862828998826,3128.329557399731,3123.751457099803,3127.769310500007,3127.769310500007,3128.271105499938,3128.3295601997524,3128.271134499926,3119.8983135996386,3128.271134499926,8.37282090028748,False,
2026-01-20T15:11:24.763639,P20,A,9,4,A_MB09_T316,image,iso_chc_03,iso_chc,data/raw/stimuli/polygons/iso_chc_03.json,A_Sketch_095,data/raw/stimuli/CAT2000/Sketch/095.jpg,Sketch,nan,1987,grid_11,960,540,12.049751363346202,6.846807837997614,4.0,0.5,10.0,1,2.0,157.04706105708198,,,1920.0,1080.0,0.0,0.0,,,,,,,,,,,,,,,,,,,,,,,,,True,1,0.20022889971733093,3128.3302090996876,3128.834536299575,3128.852691899985,3134.4485624996014,3129.870045499876,3133.885788799729,3133.885788799729,3134.387779899873,3134.4485652996227,3134.387812699657,3128.3302090996876,3134.387812699657,6.057603599969298,False,
2026-01-20T15:11:31.060875,P20,A,9,5,A_MB09_T317,image,iso_com_01,iso_com,data/raw/stimuli/polygons/iso_com_01.json,A_Satelite_187,data/raw/stimuli/CAT2000/Satelite/187.jpg,Satelite,nan,1987,grid_12,1920,540,23.119020643887126,6.846807837997614,4.0,0.5,10.0,1,2.0,157.04706105708198,,,1920.0,1080.0,0.0,0.0,,,,,,,,,,,,,,,,,,,,,,,,,True,1,0.20027569960802794,3134.4493236998096,3134.95253879996,3134.96913999971,3140.745557299815,3136.1682074000128,3140.1855557998642,3140.1855557998642,3140.687214099802,3140.745559899602,3140.6872433000244,3134.4493236998096,3140.6872433000244,6.237919600214809,False,
2026-01-20T15:11:37.228014,P20,A,9,6,A_MB09_T318,image,pair_C2_03,pair_C2_chc_vs_bbc_icc,data/raw/stimuli/polygons/pair_com_chc_vs_bbc_icc_03.json,A_Sketch_003,data/raw/stimuli/CAT2000/Sketch/003.jpg,Sketch,nan,1987,grid_13,2880,540,32.63520862273857,6.846807837997614,4.0,0.5,10.0,1,2.0,157.04706105708198,,,1920.0,1080.0,0.0,0.0,,,,,,,,,,,,,,,,,,,,,,,,,True,1,0.2002289998345077,3140.7462542997673,3141.267535899766,3141.28559149988,3146.912557099946,3142.3354444997385,3146.352078499738,3146.352078499738,3146.853819299955,3146.912559699733,3146.853848699946,3140.7462542997673,3146.853848699946,6.107594400178641,False,
2026-01-20T15:11:44.812413,P20,A,9,7,A_MB09_T319,image,baseline_asym_01,baseline_asymmetric,data/raw/stimuli/polygons/baseline_asymmetric_consolidated.json,A_Sketch_023,data/raw/stimuli/CAT2000/Sketch/023.jpg,Sketch,nan,1987,grid_21,960,1080,12.049751363346202,13.503472356031734,4.0,0.5,10.0,1,2.0,157.04706105708198,,,1920.0,1080.0,0.0,0.0,,,,,,,,,,,,,,,,,,,,,,,,,True,1,1.6055866000242531,3146.913196799811,3148.821536500007,3148.8352783997543,3154.496558699757,3149.9173784996383,3153.9351471997797,3153.9351471997797,3154.436737800017,3154.496561499778,3154.436769099906,3146.913196799811,3154.436769099906,7.523572300095111,False,
2026-01-20T15:11:53.162383,P20,A,9,8,A_MB09_T320,image,pair_C3_03,pair_C3_icc_vs_chc_bbc,data/raw/stimuli/polygons/pair_com_icc_vs_chc_bbc_03.json,A_OutdoorNatural_083,data/raw/stimuli/CAT2000/OutdoorNatural/083.jpg,OutdoorNatural,nan,1987,grid_22,1920,1080,23.119020643887126,13.503472356031734,4.0,0.5,10.0,1,2.0,157.04706105708198,,,1920.0,1080.0,0.0,0.0,,,,,,,,,,,,,,,,,,,,,,,,,True,1,2.256383900064975,3154.4973081997596,3157.0725358999334,3157.0849940995686,3162.846561799757,3158.2675631996244,3162.284889099654,3162.284889099654,3162.7867548000067,3162.8465645997785,3162.7867850996554,3154.4973081997596,3162.7867850996554,8.289476899895817,False,
2026-01-20T15:11:59.429346,P20,A,9,9,A_MB09_T321,image,iso_icc_02,iso_icc,data/raw/stimuli/polygons/iso_icc_02.json,A_Object_091,data/raw/stimuli/CAT2000/Object/091.jpg,Object,nan,1987,grid_23,2880,1080,32.63520862273857,13.503472356031734,4.0,0.5,10.0,1,2.0,157.04706105708198,,,1920.0,1080.0,0.0,0.0,,,,,,,,,,,,,,,,,,,,,,,,,True,1,0.20023429999127984,3162.847319299821,3163.3505367999896,3163.3681834000163,3169.1135583999567,3164.53378389962,3168.551323299762,3168.551323299762,3169.053126899991,3169.1135612996295,3169.053159999661,3162.847319299821,3169.053159999661,6.205840699840337,False,
2026-01-20T15:12:07.194575,P20,A,9,10,A_MB09_T322,image,iso_bbc_03,iso_bbc,data/raw/stimuli/polygons/iso_bbc_03.json,A_Random_185,data/raw/stimuli/CAT2000/Random/185.jpg,Random,nan,1987,grid_31,960,1620,12.049751363346202,19.80974465169186,4.0,0.5,10.0,1,2.0,157.04706105708198,,,1920.0,1080.0,0.0,0.0,,,,,,,,,,,,,,,,,,,,,,,,,True,1,1.4881838001310825,3169.114295199979,3170.9045374998823,3170.917886099778,3176.8795572998933,3172.300203599967,3176.317732699681,3176.317732699681,3176.819303399883,3176.8795598996803,3176.8193331998773,3169.114295199979,3176.8193331998773,7.705037999898195,False,
2026-01-20T15:12:15.478824,P20,A,9,11,A_MB09_T323,image,allfar_convex_01,allfar_convex,data/raw/stimuli/polygons/allfar_convex.json,A_OutdoorNatural_095,data/raw/stimuli/CAT2000/OutdoorNatural/095.jpg,OutdoorNatural,nan,1987,grid_32,1920,1620,23.119020643887126,19.80974465169186,4.0,0.5,10.0,1,2.0,157.04706105708198,,,1920.0,1080.0,0.0,0.0,,,,,,,,,,,,,,,,,,,,,,,,,True,1,2.220942800398916,3176.8802076997235,3179.4135359996,3179.434262099676,3185.163561699912,3180.5833627996035,3184.6007645996287,3184.6007645996287,3185.102635299787,3185.163564599585,3185.102666699793,3176.8802076997235,3185.102666699793,8.222459000069648,False,
2026-01-20T15:12:31.475919,P20,A,9,12,A_MB09_T324,image,baseline_rect_01,baseline_rectangle,data/raw/stimuli/polygons/baseline_rectangle.json,A_Satelite_195,data/raw/stimuli/CAT2000/Satelite/195.jpg,Satelite,nan,1987,grid_33,2880,1620,32.63520862273857,19.80974465169186,4.0,0.5,10.0,1,2.0,157.04706105708198,,,1920.0,1080.0,0.0,0.0,,,,,,,,,,,,,,,,,,,,,,,,,True,1,8.088453799951822,3185.1643121996894,3193.553535599727,3193.5671526999213,3201.1605588998646,3196.582356599625,3200.6002496997826,3200.6002496997826,3201.102078399621,3201.1605615997687,3201.1021118997596,3185.1643121996894,3201.1021118997596,15.937799700070173,False,
2026-01-20T15:12:39.411216,P20,A,9,13,A_MB09_T325,image,baseline_sym_01,baseline_symmetric,data/raw/stimuli/polygons/baseline_symmetric_consolidated.json,A_Satelite_123,data/raw/stimuli/CAT2000/Satelite/123.jpg,Satelite,nan,1987,grid_11,960,540,12.049751363346202,6.846807837997614,4.0,0.5,10.0,1,2.0,157.04706105708198,,,1920.0,1080.0,0.0,0.0,,,,,,,,,,,,,,,,,,,,,,,,,True,1,0.2002941002137959,3201.1612118999474,3201.6665354999714,3201.6835864996538,3209.0955623998307,3204.5150044998154,3208.533356299624,3208.533356299624,3209.035293099936,3209.0955653996207,3209.0353260999545,3201.1612118999474,3209.0353260999545,7.87411420000717,False,
2026-01-20T15:12:45.842781,P20,A,9,14,A_MB09_T326,image,pair_C2_03,pair_C2_chc_vs_bbc_icc,data/raw/stimuli/polygons/pair_com_chc_vs_bbc_icc_03.json,A_Object_179,data/raw/stimuli/CAT2000/Object/179.jpg,Object,nan,1987,grid_12,1920,540,23.119020643887126,6.846807837997614,4.0,0.5,10.0,1,2.0,157.04706105708198,,,1920.0,1080.0,0.0,0.0,,,,,,,,,,,,,,,,,,,,,,,,,True,1,0.20026890002191067,3209.0963140996173,3209.5995361995883,3209.616649399977,3215.527569799684,3210.948843399994,3214.9664515997283,3214.9664515997283,3215.4682504995726,3215.5275726998225,3215.4682927997783,3209.0963140996173,3215.4682927997783,6.37197870016098,False,
2026-01-20T15:12:52.177329,P20,A,9,15,A_MB09_T327,image,iso_com_03,iso_com,data/raw/stimuli/polygons/iso_com_03.json,A_OutdoorNatural_147,data/raw/stimuli/CAT2000/OutdoorNatural/147.jpg,OutdoorNatural,nan,1987,grid_13,2880,540,32.63520862273857,6.846807837997614,4.0,0.5,10.0,1,2.0,157.04706105708198,,,1920.0,1080.0,0.0,0.0,,,,,,,,,,,,,,,,,,,,,,,,,True,1,0.20026240032166243,3215.5282351998612,3216.0335356998257,3216.0497846999206,3221.8615620997734,3217.2816252997145,3221.2995540997945,3221.2995540997945,3221.801363299601,3221.8615651996806,3221.8013948998414,3215.5282351998612,3221.8013948998414,6.2731596999801695,False,
2026-01-20T15:12:58.475726,P20,A,9,16,A_MB09_T328,image,allfar_convex_01,allfar_convex,data/raw/stimuli/polygons/allfar_convex.json,A_Object_027,data/raw/stimuli/CAT2000/Object/027.jpg,Object,nan,1987,grid_21,960,1080,12.049751363346202,13.503472356031734,4.0,0.5,10.0,1,2.0,157.04706105708198,,,1920.0,1080.0,0.0,0.0,,,,,,,,,,,,,,,,,,,,,,,,,True,1,0.200237600132823,3221.8623163998127,3222.3655363996513,3222.3828983996063,3228.1605584998615,3223.582156999968,3227.5993897998706,3227.5993897998706,3228.101065099705,3228.160561299883,3228.101099099964,3221.8623163998127,3228.101099099964,6.238782700151205,False,
2026-01-20T15:13:04.527401,P20,A,9,17,A_MB09_T329,image,baseline_rect_01,baseline_rectangle,data/raw/stimuli/polygons/baseline_rectangle.json,A_Sketch_143,data/raw/stimuli/CAT2000/Sketch/143.jpg,Sketch,nan,1987,grid_22,1920,1080,23.119020643887126,13.503472356031734,4.0,0.5,10.0,1,2.0,157.04706105708198,,,1920.0,1080.0,0.0,0.0,,,,,,,,,,,,,,,,,,,,,,,,,True,1,0.2002477003261447,3228.16130779963,3228.6655353996903,3228.682674099691,3234.211588899605,3229.632828899659,3233.649176699575,3233.649176699575,3234.1510405996814,3234.2115936996415,3234.15107979998,3228.16130779963,3234.15107979998,5.989772000350058,False,
2026-01-20T15:13:10.808970,P20,A,9,18,A_MB09_T330,image,allfar_convex_01,allfar_convex,data/raw/stimuli/polygons/allfar_convex.json,A_Fractal_019,data/raw/stimuli/CAT2000/Fractal/019.jpg,Fractal,nan,1987,grid_23,2880,1080,32.63520862273857,13.503472356031734,4.0,0.5,10.0,1,2.0,157.04706105708198,,,1920.0,1080.0,0.0,0.0,,,,,,,,,,,,,,,,,,,,,,,,,True,1,0.20024090027436614,3234.212261799723,3234.7155357999727,3234.7324949996546,3240.4935620999895,3235.91514789965,3239.932282499969,3239.932282499969,3240.434068399947,3240.4935650997795,3240.4341004998423,3234.212261799723,3240.4341004998423,6.221838700119406,False,
2026-01-20T15:13:17.809016,P20,A,9,19,A_MB09_T331,empty,iso_bbc_02,iso_bbc,data/raw/stimuli/polygons/iso_bbc_02.json,nan,nan,nan,nan,1987,grid_31,960,1620,12.049751363346202,19.80974465169186,4.0,0.5,10.0,1,2.0,157.04706105708198,,,1920.0,1080.0,0.0,0.0,,,,,,,,,,,,,,,,,,,,,,,,,True,1,1.9704796997830272,3240.4943142998964,3242.773537699599,3242.798865699675,3247.493558799848,3242.9157186998054,3246.932102299761,3246.932102299761,3247.433960299939,3247.4935616999865,3247.433992999606,3240.4943142998964,3247.433992999606,6.939678699709475,False,
2026-01-20T15:13:29.957059,P20,A,9,20,A_MB09_T332,image,pair_C3_02,pair_C3_icc_vs_chc_bbc,data/raw/stimuli/polygons/pair_com_icc_vs_chc_bbc_02.json,A_Object_083,data/raw/stimuli/CAT2000/Object/083.jpg,Object,nan,1987,grid_32,1920,1620,23.119020643887126,19.80974465169186,4.0,0.5,10.0,1,2.0,157.04706105708198,,,1920.0,1080.0,0.0,0.0,,,,,,,,,,,,,,,,,,,,,,,,,True,1,5.839484800118953,3247.4942671000026,3253.6515367999673,3253.6651694998145,3259.6415575998835,3255.064462899696,3259.081666399725,3259.081666399725,3259.583241199609,3259.6415602997877,3259.5832758997567,3247.4942671000026,3259.5832758997567,12.089008799754083,False,
2026-01-20T15:13:37.524782,P20,A,9,21,A_MB09_T333,image,pair_C3_01,pair_C3_icc_vs_chc_bbc,data/raw/stimuli/polygons/pair_com_icc_vs_chc_bbc_01.json,A_Sketch_025,data/raw/stimuli/CAT2000/Sketch/025.jpg,Sketch,nan,1987,grid_33,2880,1620,32.63520862273857,19.80974465169186,4.0,0.5,10.0,1,2.0,157.04706105708198,,,1920.0,1080.0,0.0,0.0,,,,,,,,,,,,,,,,,,,,,,,,,True,1,1.6562047000043094,3259.6422146996483,3261.6025365996175,3261.614920299966,3267.2095601996407,3262.631849499885,3266.648040500004,3266.648040500004,3267.149877899792,3267.2095629000105,3267.149909999687,3259.6422146996483,3267.149909999687,7.507695300038904,False,
2026-01-20T15:13:44.106544,P20,A,9,22,A_MB09_T334,empty,pair_C1_01,pair_C1_bbc_vs_chc_icc,data/raw/stimuli/polygons/pair_com_bbc_vs_chc_icc_01.json,nan,nan,nan,nan,1987,grid_11,960,540,12.049751363346202,6.846807837997614,4.0,0.5,10.0,1,2.0,157.04706105708198,,,1920.0,1080.0,0.0,0.0,,,,,,,,,,,,,,,,,,,,,,,,,True,1,1.572327499743551,3267.210336699616,3269.083535599988,3269.0979943997227,3273.791560099926,3269.214864999987,3273.231279899832,3273.231279899832,3273.7329540997744,3273.7915629995987,3273.7329854997806,3267.210336699616,3273.7329854997806,6.522648800164461,False,
2026-01-20T15:13:50.775950,P20,A,9,23,A_MB09_T335,image,pair_C1_02,pair_C1_bbc_vs_chc_icc,data/raw/stimuli/polygons/pair_com_bbc_vs_chc_icc_02.json,A_Fractal_025,data/raw/stimuli/CAT2000/Fractal/025.jpg,Fractal,nan,1987,grid_12,1920,540,23.119020643887126,6.846807837997614,4.0,0.5,10.0,1,2.0,157.04706105708198,,,1920.0,1080.0,0.0,0.0,,,,,,,,,,,,,,,,,,,,,,,,,True,1,0.20022180024534464,3273.7921698996797,3274.297536299564,3274.3145715999417,3280.4605570998974,3275.879536399618,3279.897641599644,3279.897641599644,3280.3994787996635,3280.4605598999187,3280.399511099793,3273.7921698996797,3280.399511099793,6.6073412001132965,False,
2026-01-20T15:13:57.073230,P20,A,9,24,A_MB09_T336,image,allfar_convex_01,allfar_convex,data/raw/stimuli/polygons/allfar_convex.json,A_Fractal_183,data/raw/stimuli/CAT2000/Fractal/183.jpg,Fractal,nan,1987,grid_13,2880,540,32.63520862273857,6.846807837997614,4.0,0.5,10.0,1,2.0,157.04706105708198,,,1920.0,1080.0,0.0,0.0,,,,,,,,,,,,,,,,,,,,,,,,,True,1,0.20021879998967052,3280.4612063998356,3280.964535899926,3280.981001599692,3286.7575564999133,3282.180289799813,3286.1974609997123,3286.1974609997123,3286.699268099852,3286.7575591998175,3286.6993022998795,3280.4612063998356,3286.6993022998795,6.238095900043845,False,
2026-01-20T15:14:03.324168,P20,A,9,25,A_MB09_T337,image,iso_chc_01,iso_chc,data/raw/stimuli/polygons/iso_chc_01.json,A_Random_049,data/raw/stimuli/CAT2000/Random/049.jpg,Random,nan,1987,grid_21,960,1080,12.049751363346202,13.503472356031734,4.0,0.5,10.0,1,2.0,157.04706105708198,,,1920.0,1080.0,0.0,0.0,,,,,,,,,,,,,,,,,,,,,,,,,True,1,0.20022800005972385,3286.758200999815,3287.2635393999517,3287.2807946996763,3293.008556699846,3288.4295901996084,3292.447309399955,3292.447309399955,3292.9489590995945,3293.0085594998673,3292.94898869982,3286.758200999815,3292.94898869982,6.190787700004876,False,
2026-01-20T15:14:09.640205,P20,A,9,26,A_MB09_T338,image,iso_com_01,iso_com,data/raw/stimuli/polygons/iso_com_01.json,A_Random_179,data/raw/stimuli/CAT2000/Random/179.jpg,Random,nan,1987,grid_22,1920,1080,23.119020643887126,13.503472356031734,4.0,0.5,10.0,1,2.0,157.04706105708198,,,1920.0,1080.0,0.0,0.0,,,,,,,,,,,,,,,,,,,,,,,,,True,1,0.20022969972342253,3293.0092010996304,3293.5145365996286,3293.5305732996203,3299.3245572997257,3294.7466341997497,3298.7636858997867,3298.7636858997867,3299.265502399765,3299.324560099747,3299.2655346998945,3293.0092010996304,3299.2655346998945,6.256333600264043,False,
2026-01-20T15:14:15.758064,P20,A,9,27,A_MB09_T339,image,iso_icc_03,iso_icc,data/raw/stimuli/polygons/iso_icc_03.json,A_Sketch_091,data/raw/stimuli/CAT2000/Sketch/091.jpg,Sketch,nan,1987,grid_23,2880,1080,32.63520862273857,13.503472356031734,4.0,0.5,10.0,1,2.0,157.04706105708198,,,1920.0,1080.0,0.0,0.0,,,,,,,,,,,,,,,,,,,,,,,,,True,1,0.20022949995473027,3299.325211999938,3299.8305360996164,3299.84702129988,3305.4425627999008,3300.863493199926,3304.8801547000185,3304.8801547000185,3305.3820344000123,3305.442565899808,3305.3820646000095,3299.325211999938,3305.3820646000095,6.056852600071579,False,
2026-01-20T15:14:23.823657,P20,A,9,28,A_MB09_T340,image,iso_chc_01,iso_chc,data/raw/stimuli/polygons/iso_chc_01.json,A_Object_061,data/raw/stimuli/CAT2000/Object/061.jpg,Object,nan,1987,grid_31,960,1620,12.049751363346202,19.80974465169186,4.0,0.5,10.0,1,2.0,157.04706105708198,,,1920.0,1080.0,0.0,0.0,,,,,,,,,,,,,,,,,,,,,,,,,True,1,2.0056996000930667,3305.4433137997985,3307.750535799656,3307.7633750997484,3313.5085653997958,3308.929069899954,3312.946600499563,3312.946600499563,3313.448226499837,3313.50856859982,3313.4482601997443,3305.4433137997985,3313.4482601997443,8.004946399945766,False,
2026-01-20T15:14:32.639738,P20,A,9,29,A_MB09_T341,image,iso_chc_01,iso_chc,data/raw/stimuli/polygons/iso_chc_01.json,A_OutdoorNatural_137,data/raw/stimuli/CAT2000/OutdoorNatural/137.jpg,OutdoorNatural,nan,1987,grid_32,1920,1620,23.119020643887126,19.80974465169186,4.0,0.5,10.0,1,2.0,157.04706105708198,,,1920.0,1080.0,0.0,0.0,,,,,,,,,,,,,,,,,,,,,,,,,True,1,2.606095800176263,3313.5093178995885,3316.4175366996787,3316.429762999993,3322.324559399858,3317.745152399875,3321.7629511998966,3321.7629511998966,3322.264885899611,3322.3245621998794,3322.2649240000173,3313.5093178995885,3322.2649240000173,8.75560610042885,False,
2026-01-20T15:14:38.756071,P20,A,9,30,A_MB09_T342,image,iso_chc_01,iso_chc,data/raw/stimuli/polygons/iso_chc_01.json,A_Sketch_007,data/raw/stimuli/CAT2000/Sketch/007.jpg,Sketch,nan,1987,grid_33,2880,1620,32.63520862273857,19.80974465169186,4.0,0.5,10.0,1,2.0,157.04706105708198,,,1920.0,1080.0,0.0,0.0,,,,,,,,,,,,,,,,,,,,,,,,,True,1,0.20024240016937256,3322.325313499663,3322.8305354998447,3322.8463119999506,3328.440562499687,3323.86250129994,3327.8793951999396,3327.8793951999396,3328.381274999585,3328.4405655995943,3328.3813069998287,3322.325313499663,3328.3813069998287,6.055993500165641,False,
2026-01-20T15:14:53.156333,P20,A,9,31,A_MB09_T343,image,pair_C3_03,pair_C3_icc_vs_chc_bbc,data/raw/stimuli/polygons/pair_com_icc_vs_chc_bbc_03.json,A_OutdoorNatural_185,data/raw/stimuli/CAT2000/OutdoorNatural/185.jpg,OutdoorNatural,nan,1987,grid_11,960,540,12.049751363346202,6.846807837997614,4.0,0.5,10.0,1,2.0,157.04706105708198,,,1920.0,1080.0,0.0,0.0,,,,,,,,,,,,,,,,,,,,,,,,,True,1,8.287112199701369,3328.441329699941,3337.0315367998555,3337.0457682996057,3342.8405714998953,3338.261835699901,3342.278944700025,3342.278944700025,3342.7810066998936,3342.8405745998025,3342.7810519998893,3328.441329699941,3342.7810519998893,14.339722299948335,False,
2026-01-20T15:14:59.555233,P20,A,9,32,A_MB09_T344,image,iso_chc_03,iso_chc,data/raw/stimuli/polygons/iso_chc_03.json,A_Satelite_057,data/raw/stimuli/CAT2000/Satelite/057.jpg,Satelite,nan,1987,grid_12,1920,540,23.119020643887126,6.846807837997614,4.0,0.5,10.0,1,2.0,157.04706105708198,,,1920.0,1080.0,0.0,0.0,,,,,,,,,,,,,,,,,,,,,,,,,True,1,0.20025929994881153,3342.841347999871,3343.342535399832,3343.3623021999374,3349.239557999652,3344.6606651996262,3348.678755099885,3348.678755099885,3349.1802357998677,3349.2395608997904,3349.180266499985,3342.841347999871,3349.180266499985,6.338918500114232,False,
2026-01-20T15:15:04.773243,P20,A,9,33,A_MB09_T345,empty,pair_C2_01,pair_C2_chc_vs_bbc_icc,data/raw/stimuli/polygons/pair_com_chc_vs_bbc_icc_01.json,nan,nan,nan,nan,1987,grid_13,2880,540,32.63520862273857,6.846807837997614,4.0,0.5,10.0,1,2.0,157.04706105708198,,,1920.0,1080.0,0.0,0.0,,,,,,,,,,,,,,,,,,,,,,,,,True,1,0.20024450030177832,3349.2403216999955,3349.743539399933,3349.7620873996057,3354.4575585997663,3349.8788904999383,3353.895249299705,3353.895249299705,3354.396884799935,3354.4575612996705,3354.396915699821,3349.2403216999955,3354.396915699821,5.156593999825418,False,
2026-01-20T15:15:13.055152,P20,A,9,34,A_MB09_T346,image,pair_C3_02,pair_C3_icc_vs_chc_bbc,data/raw/stimuli/polygons/pair_com_icc_vs_chc_bbc_02.json,A_Sketch_029,data/raw/stimuli/CAT2000/Sketch/029.jpg,Sketch,nan,1987,grid_21,960,1080,12.049751363346202,13.503472356031734,4.0,0.5,10.0,1,2.0,157.04706105708198,,,1920.0,1080.0,0.0,0.0,,,,,,,,,,,,,,,,,,,,,,,,,True,1,2.3724023001268506,3354.458259899635,3357.1315355999395,3357.1450532996096,3362.739558799658,3358.1625558999367,3362.1782841999084,3362.1782841999084,3362.6801505996846,3362.7395615996793,3362.680183599703,3354.458259899635,3362.680183599703,8.221923700068146,False,
2026-01-20T15:15:19.388714,P20,A,9,35,A_MB09_T347,image,pair_C3_03,pair_C3_icc_vs_chc_bbc,data/raw/stimuli/polygons/pair_com_icc_vs_chc_bbc_03.json,A_Fractal_103,data/raw/stimuli/CAT2000/Fractal/103.jpg,Fractal,nan,1987,grid_22,1920,1080,23.119020643887126,13.503472356031734,4.0,0.5,10.0,1,2.0,157.04706105708198,,,1920.0,1080.0,0.0,0.0,,,,,,,,,,,,,,,,,,,,,,,,,True,1,0.2002191999927163,3362.7403361997567,3363.245536000002,3363.2615919997916,3369.073559299577,3364.494398099836,3368.5114300996065,3368.5114300996065,3369.0133518995717,3369.07356239995,3369.013381799683,3362.7403361997567,3369.013381799683,6.273045599926263,False,
2026-01-20T15:15:26.840408,P20,A,9,36,A_MB09_T348,image,baseline_sym_01,baseline_symmetric,data/raw/stimuli/polygons/baseline_symmetric_consolidated.json,A_OutdoorNatural_065,data/raw/stimuli/CAT2000/OutdoorNatural/065.jpg,OutdoorNatural,nan,1987,grid_23,2880,1080,32.63520862273857,13.503472356031734,4.0,0.5,10.0,1,2.0,157.04706105708198,,,1920.0,1080.0,0.0,0.0,,,,,,,,,,,,,,,,,,,,,,,,,True,1,0.2002387000247836,3369.0743433996104,3369.5785372997634,3369.594764899928,3376.5245578996837,3371.942828399595,3375.961193899624,3375.961193899624,3376.463061099872,3376.524560699705,3376.46309309965,3369.0743433996104,3376.46309309965,7.388749700039625,False,
2026-01-20T15:15:35.155229,P20,A,9,37,A_MB09_T349,image,allfar_concave_01,allfar_concave,data/raw/stimuli/polygons/allfar_concave.json,A_Object_053,data/raw/stimuli/CAT2000/Object/053.jpg,Object,nan,1987,grid_31,960,1620,12.049751363346202,19.80974465169186,4.0,0.5,10.0,1,2.0,157.04706105708198,,,1920.0,1080.0,0.0,0.0,,,,,,,,,,,,,,,,,,,,,,,,,True,1,2.2390084001235664,3376.5252215997316,3379.0635371999815,3379.077723699622,3384.8395611997694,3380.2611748999916,3384.2775806998834,3384.2775806998834,3384.7792008998804,3384.8395642996766,3384.7792320996523,3376.5252215997316,3384.7792320996523,8.254010499920696,False,
2026-01-20T15:15:43.737396,P20,A,9,38,A_MB09_T350,image,pair_C1_01,pair_C1_bbc_vs_chc_icc,data/raw/stimuli/polygons/pair_com_bbc_vs_chc_icc_01.json,A_Fractal_197,data/raw/stimuli/CAT2000/Fractal/197.jpg,Fractal,nan,1987,grid_32,1920,1620,23.119020643887126,19.80974465169186,4.0,0.5,10.0,1,2.0,157.04706105708198,,,1920.0,1080.0,0.0,0.0,,,,,,,,,,,,,,,,,,,,,,,,,True,1,2.1227289997041225,3384.840314099565,3387.2635350995697,3387.277471399866,3393.4215578995645,3388.842419499997,3392.8606788995676,3392.8606788995676,3393.3625757996924,3393.4215605999343,3393.3626062995754,3384.840314099565,3393.3626062995754,8.52229220001027,False,
2026-01-20T15:15:50.171376,P20,A,9,39,A_MB09_T351,image,iso_chc_01,iso_chc,data/raw/stimuli/polygons/iso_chc_01.json,A_Object_005,data/raw/stimuli/CAT2000/Object/005.jpg,Object,nan,1987,grid_33,2880,1620,32.63520862273857,19.80974465169186,4.0,0.5,10.0,1,2.0,157.04706105708198,,,1920.0,1080.0,0.0,0.0,,,,,,,,,,,,,,,,,,,,,,,,,True,1,0.20026599988341331,3393.4222052996047,3393.9275361998007,3393.943955199793,3399.8555602999404,3395.275822199881,3399.2937548998743,3399.2937548998743,3399.7955793999135,3399.8555631996132,3399.795615499839,3393.4222052996047,3399.795615499839,6.3734102002345026,False,
